<svg version="1.1" xmlns="http://www.w3.org/2000/svg" viewBox="0 0 526.3269085288048 263.0908621793985" filter="invert(93%) hue-rotate(180deg)">
  <!-- svg-source:excalidraw -->
  
  <defs>
    <style class="style-fonts">
      @font-face {
        font-family: "Virgil";
        src: url("https://excalidraw.com/Virgil.woff2");
      }
      @font-face {
        font-family: "Cascadia";
        src: url("https://excalidraw.com/Cascadia.woff2");
      }
    </style>
    
  </defs>
  <rect x="0" y="0" width="526.3269085288048" height="263.0908621793985" fill="#ffffff"/><g stroke-linecap="round"><g transform="translate(10.472924197837699 137.08005142750218) rotate(0 252.81451416015625 0)"><path d="M-0.47 0.28 C83.88 0, 421.45 -0.91, 505.85 -1.15 M1.48 -0.62 C85.72 -0.84, 421.05 -0.25, 505.02 -0.21" stroke="#1e1e1e" stroke-width="1" fill="none"/></g></g><mask/><g stroke-linecap="round"><g transform="translate(269.11971374861895 11.813892369884996) rotate(0 0 120.44823455810547)"><path d="M-0.95 -0.5 C-1.01 39.45, 0.5 199.99, 0.48 240.14 M0.76 -1.81 C0.5 38.25, -0.3 200.74, -0.22 241.28" stroke="#1e1e1e" stroke-width="1" fill="none"/></g></g><mask/><g stroke-linecap="round"><g transform="translate(36.33760925643145 220.25275040211156) rotate(0 116.64459228515625 0)"><path d="M1.1 -0.15 C40 -0.38, 194.75 -0.57, 233.55 -0.46 M0.22 -1.28 C38.97 -1.42, 193.86 0.88, 232.74 0.84" stroke="#1e1e1e" stroke-width="1" fill="none"/></g></g><mask/><g stroke-linecap="round"><g transform="translate(269.1196527134627 42.75006485523656) rotate(0 123.49114990234375 0)"><path d="M0.52 1.04 C41.65 1.26, 205.37 0.96, 246.54 0.99 M-0.66 0.55 C40.29 0.48, 204.07 -0.44, 245.36 -0.62" stroke="#1e1e1e" stroke-width="1" fill="none"/></g></g><mask/><g stroke-linecap="round" transform="translate(263.03389831893145 211.63118362965062) rotate(0 8.36798095703125 8.36798095703125)"><path d="M9.09 -0.99 C10.69 -1.03, 12.68 1.79, 14.08 3 C15.48 4.21, 17.2 4.65, 17.51 6.26 C17.83 7.87, 17.21 11.14, 15.99 12.67 C14.77 14.19, 12 14.97, 10.19 15.4 C8.39 15.83, 6.74 15.58, 5.17 15.23 C3.59 14.88, 1.47 14.81, 0.75 13.3 C0.03 11.79, 0.32 8.23, 0.85 6.17 C1.38 4.12, 2.33 2.11, 3.91 0.98 C5.5 -0.16, 9.36 -0.54, 10.36 -0.65 C11.37 -0.76, 10.12 -0.05, 9.94 0.32 M8.75 -0.14 C10.6 -0.14, 11.8 0.66, 13.3 1.87 C14.8 3.09, 17.19 5.53, 17.73 7.15 C18.26 8.77, 17.24 10.06, 16.51 11.59 C15.79 13.13, 15.09 15.31, 13.39 16.36 C11.69 17.4, 8.52 18.28, 6.31 17.86 C4.1 17.45, 1.29 15.63, 0.13 13.87 C-1.02 12.1, -1.06 9.31, -0.61 7.29 C-0.16 5.28, 1.71 2.8, 2.83 1.76 C3.94 0.72, 5.35 1.36, 6.1 1.06 C6.84 0.76, 6.81 0.09, 7.28 -0.01" stroke="#1e1e1e" stroke-width="1" fill="none"/></g><g stroke-linecap="round" transform="translate(260.49349304549395 34.443775182385) rotate(0 8.36798095703125 8.36798095703125)"><path d="M10.23 0.32 C11.87 0.87, 13.31 2.91, 14.54 4.29 C15.77 5.66, 17.71 7, 17.59 8.57 C17.48 10.14, 15.4 12.47, 13.87 13.7 C12.33 14.92, 10.15 15.56, 8.39 15.93 C6.62 16.29, 4.56 16.61, 3.26 15.9 C1.96 15.18, 1.09 13.32, 0.59 11.63 C0.09 9.94, -0.51 7.53, 0.29 5.74 C1.08 3.95, 3.36 1.78, 5.34 0.88 C7.33 -0.02, 10.93 0.22, 12.19 0.36 C13.45 0.49, 13.15 1.66, 12.91 1.7 M3.93 -0.65 C5.46 -1.39, 10.38 -0.18, 12.26 0.64 C14.14 1.46, 14.24 2.65, 15.22 4.26 C16.19 5.88, 18.34 8.51, 18.13 10.33 C17.93 12.14, 15.61 14.03, 13.99 15.17 C12.36 16.3, 10.18 17.2, 8.38 17.12 C6.58 17.04, 4.73 15.61, 3.17 14.68 C1.61 13.76, -0.34 13.29, -0.96 11.57 C-1.58 9.85, -1.49 6.12, -0.53 4.36 C0.43 2.6, 3.72 1.39, 4.79 1.03 C5.85 0.67, 5.99 2.35, 5.85 2.2" stroke="#1e1e1e" stroke-width="1" fill="none"/></g><g stroke-linecap="round" transform="translate(262.10841799208094 129.0481733120765) rotate(0 7.679722377232139 8.114406040736597)"><path d="M7.5 -0.69 C9.07 -0.42, 11.09 1.54, 12.35 2.81 C13.62 4.08, 14.83 5.2, 15.1 6.96 C15.36 8.72, 14.83 11.72, 13.93 13.37 C13.03 15.03, 11.24 16.42, 9.69 16.9 C8.14 17.38, 6 17.21, 4.62 16.27 C3.23 15.33, 1.98 12.96, 1.39 11.26 C0.79 9.56, 0.57 7.79, 1.04 6.05 C1.5 4.31, 2.73 1.77, 4.18 0.84 C5.62 -0.08, 8.53 0.47, 9.69 0.51 C10.84 0.55, 11.02 0.9, 11.11 1.09 M4.57 -0.35 C6.28 -1.15, 10.29 -1.74, 11.73 -0.72 C13.17 0.31, 12.81 4.11, 13.21 5.79 C13.61 7.47, 14.2 7.83, 14.14 9.37 C14.08 10.9, 13.91 14.02, 12.85 14.99 C11.79 15.96, 9.59 15.17, 7.77 15.18 C5.96 15.2, 3.3 15.9, 1.97 15.1 C0.63 14.3, -0.22 12.1, -0.24 10.39 C-0.25 8.68, 0.91 6.27, 1.89 4.83 C2.87 3.39, 5.1 2.58, 5.65 1.75 C6.2 0.91, 5.43 0.09, 5.19 -0.19" stroke="none" stroke-width="0" fill="#1e1e1e"/><path d="M7.26 -0.52 C8.88 -0.64, 10.34 0.27, 11.57 1.41 C12.79 2.54, 14.24 4.63, 14.6 6.28 C14.96 7.93, 14.15 9.78, 13.73 11.32 C13.3 12.86, 13.44 14.68, 12.03 15.51 C10.62 16.34, 7.08 16.73, 5.25 16.29 C3.42 15.86, 1.77 14.29, 1.03 12.89 C0.3 11.5, 0.51 9.55, 0.82 7.94 C1.13 6.34, 1.63 4.56, 2.91 3.26 C4.18 1.97, 7.45 0.71, 8.46 0.15 C9.47 -0.42, 9.2 -0.14, 8.98 -0.11 M4.03 -1.03 C5.51 -1.83, 10.23 -0.3, 11.74 0.62 C13.25 1.54, 12.66 3.13, 13.09 4.49 C13.52 5.85, 14.3 6.83, 14.31 8.77 C14.33 10.71, 14.6 15, 13.19 16.12 C11.78 17.24, 7.49 15.98, 5.87 15.48 C4.24 14.98, 4.66 13.94, 3.45 13.11 C2.24 12.27, -1.27 12.01, -1.41 10.45 C-1.54 8.89, 1.27 5.58, 2.63 3.75 C4 1.92, 6.16 -0.07, 6.8 -0.53 C7.44 -1, 6.77 0.73, 6.47 0.97" stroke="#1e1e1e" stroke-width="1" fill="none"/></g></svg>