<svg version="1.1" xmlns="http://www.w3.org/2000/svg" viewBox="0 0 818.7619934082031 358.2693786621094" filter="invert(93%) hue-rotate(180deg)">
  <!-- svg-source:excalidraw -->
  
  <defs>
    <style class="style-fonts">
      @font-face {
        font-family: "Virgil";
        src: url("https://excalidraw.com/Virgil.woff2");
      }
      @font-face {
        font-family: "Cascadia";
        src: url("https://excalidraw.com/Cascadia.woff2");
      }
    </style>
    
  </defs>
  <rect x="0" y="0" width="818.7619934082031" height="358.2693786621094" fill="#ffffff"/><g transform="translate(314.7974548339844 166.70950317382812) rotate(0 11.1573486328125 17.496688842773438)" stroke="none"><path fill="#1e1e1e" d="M 2.11,-1.40 Q 2.11,-1.40 2.96,-0.07 3.81,1.24 4.49,2.22 5.18,3.20 5.89,4.17 6.60,5.13 7.38,6.34 8.16,7.55 8.72,8.58 9.28,9.62 10.44,11.30 11.59,12.98 12.13,14.34 12.66,15.71 13.74,17.35 14.81,18.99 15.48,20.34 16.14,21.68 16.82,22.93 17.49,24.17 18.18,25.22 18.87,26.27 20.38,28.29 21.88,30.31 22.92,31.48 23.95,32.65 24.17,33.04 24.40,33.42 24.49,33.86 24.58,34.29 24.53,34.74 24.48,35.18 24.29,35.58 24.09,35.98 23.79,36.30 23.48,36.62 23.08,36.83 22.68,37.03 22.24,37.10 21.80,37.17 21.37,37.09 20.93,37.01 20.54,36.80 20.14,36.59 19.84,36.26 19.54,35.94 19.36,35.53 19.17,35.12 19.13,34.68 19.09,34.24 19.19,33.80 19.29,33.37 19.52,32.99 19.75,32.61 20.10,32.33 20.44,32.04 20.85,31.88 21.27,31.72 21.71,31.70 22.16,31.68 22.59,31.81 23.01,31.93 23.38,32.18 23.75,32.44 24.01,32.79 24.28,33.15 24.42,33.57 24.55,34.00 24.55,34.44 24.54,34.89 24.40,35.31 24.25,35.73 23.98,36.08 23.70,36.43 23.33,36.68 22.96,36.92 22.53,37.04 22.10,37.15 21.66,37.13 21.21,37.10 20.80,36.93 20.39,36.76 20.05,36.47 19.72,36.17 19.72,36.18 19.72,36.18 18.58,34.75 17.45,33.32 16.76,32.30 16.07,31.29 15.25,30.25 14.42,29.22 13.62,28.02 12.82,26.82 12.05,25.51 11.28,24.21 10.12,22.10 8.96,19.98 8.23,18.78 7.49,17.57 6.72,15.89 5.94,14.20 4.89,12.26 3.83,10.32 3.13,9.22 2.42,8.12 1.69,7.07 0.96,6.02 0.32,5.01 -0.31,3.99 -1.21,2.70 -2.11,1.40 -2.24,1.13 -2.38,0.86 -2.45,0.56 -2.52,0.26 -2.51,-0.04 -2.51,-0.34 -2.43,-0.64 -2.35,-0.93 -2.21,-1.20 -2.06,-1.47 -1.85,-1.70 -1.65,-1.92 -1.39,-2.09 -1.14,-2.26 -0.85,-2.36 -0.56,-2.47 -0.26,-2.50 0.04,-2.53 0.34,-2.49 0.64,-2.45 0.93,-2.34 1.21,-2.22 1.46,-2.04 1.71,-1.87 1.91,-1.63 2.11,-1.40 2.11,-1.40 L 2.11,-1.40 Z"/></g><g transform="translate(338.6335754394531 176.85250854492188) rotate(0 -10.903778076171875 12.425186157226562)" stroke="none"><path fill="#1e1e1e" d="M 0.68,2.39 Q 0.68,2.39 -0.31,2.71 -1.31,3.04 -2.18,3.92 -3.04,4.81 -3.90,6.47 -4.75,8.13 -5.50,9.39 -6.25,10.66 -6.85,11.67 -7.45,12.68 -8.23,13.68 -9.01,14.68 -9.85,15.91 -10.69,17.14 -11.55,18.01 -12.41,18.88 -13.12,20.05 -13.82,21.21 -15.49,22.68 -17.17,24.14 -18.13,25.13 -19.10,26.11 -19.41,26.47 -19.72,26.84 -20.13,27.08 -20.55,27.33 -21.02,27.43 -21.48,27.53 -21.96,27.48 -22.44,27.43 -22.87,27.22 -23.31,27.02 -23.66,26.69 -24.00,26.36 -24.23,25.93 -24.45,25.51 -24.53,25.03 -24.60,24.56 -24.52,24.09 -24.44,23.61 -24.22,23.19 -23.99,22.76 -23.64,22.44 -23.29,22.11 -22.86,21.91 -22.42,21.71 -21.94,21.66 -21.46,21.61 -21.00,21.71 -20.53,21.82 -20.12,22.06 -19.71,22.31 -19.40,22.68 -19.09,23.05 -18.91,23.49 -18.73,23.94 -18.71,24.42 -18.69,24.90 -18.82,25.36 -18.95,25.83 -19.22,26.22 -19.49,26.62 -19.87,26.91 -20.25,27.20 -20.71,27.35 -21.17,27.50 -21.65,27.50 -22.13,27.50 -22.58,27.34 -23.03,27.19 -23.42,26.89 -23.80,26.60 -24.07,26.20 -24.33,25.81 -24.46,25.34 -24.59,24.88 -24.56,24.40 -24.53,23.92 -24.35,23.47 -24.17,23.03 -24.17,23.03 -24.17,23.03 -21.79,20.92 -19.40,18.80 -18.42,17.79 -17.44,16.78 -16.28,15.52 -15.11,14.27 -13.60,12.04 -12.09,9.82 -11.51,8.90 -10.92,7.99 -10.26,6.78 -9.59,5.57 -8.93,4.29 -8.27,3.01 -7.59,2.03 -6.92,1.05 -5.87,0.09 -4.83,-0.87 -3.79,-1.37 -2.76,-1.87 -1.72,-2.13 -0.68,-2.39 -0.38,-2.44 -0.09,-2.48 0.20,-2.46 0.50,-2.43 0.79,-2.34 1.07,-2.24 1.32,-2.08 1.58,-1.92 1.78,-1.70 1.99,-1.48 2.14,-1.22 2.29,-0.96 2.37,-0.67 2.45,-0.39 2.47,-0.09 2.48,0.20 2.42,0.50 2.35,0.79 2.22,1.06 2.09,1.33 1.90,1.57 1.71,1.80 1.47,1.98 1.23,2.16 0.96,2.27 0.68,2.39 0.68,2.39 L 0.68,2.39 Z"/></g><g transform="translate(323.4189758300781 121.57310485839844) rotate(0 -117.4052734375 98.38720703125)" stroke="none"><path fill="#1e1e1e" d="M 1.51,-1.32 Q 1.51,-1.32 2.55,-0.17 3.59,0.96 4.64,1.75 5.69,2.53 6.78,3.32 7.87,4.11 9.16,5.03 10.45,5.94 11.82,7.15 13.19,8.36 14.36,9.44 15.54,10.52 16.87,11.91 18.20,13.29 19.51,14.81 20.82,16.33 22.22,18.20 23.62,20.08 24.81,21.77 25.99,23.45 27.31,25.17 28.62,26.88 29.91,28.50 31.20,30.11 32.38,32.06 33.55,34.01 34.73,35.81 35.91,37.60 37.03,39.75 38.16,41.91 39.35,44.42 40.55,46.94 41.64,49.48 42.74,52.03 44.07,55.14 45.41,58.26 46.84,61.31 48.27,64.36 49.62,67.59 50.97,70.82 52.41,74.22 53.85,77.62 55.06,81.00 56.27,84.38 57.52,88.30 58.76,92.22 59.45,95.70 60.14,99.18 60.72,102.39 61.30,105.59 61.55,108.47 61.80,111.35 61.91,113.89 62.01,116.43 61.61,119.22 61.21,122.01 60.59,124.25 59.97,126.49 58.35,129.58 56.73,132.66 55.60,134.53 54.48,136.40 53.45,138.09 52.42,139.79 50.59,141.88 48.76,143.97 46.82,146.01 44.89,148.05 43.04,149.93 41.20,151.82 39.08,153.80 36.97,155.78 34.77,157.92 32.58,160.06 30.28,161.89 27.98,163.72 25.68,165.37 23.39,167.03 20.30,168.64 17.22,170.26 14.14,171.54 11.06,172.81 7.87,174.07 4.68,175.34 1.53,176.33 -1.61,177.31 -5.00,178.18 -8.40,179.04 -12.01,179.98 -15.62,180.92 -19.75,182.19 -23.89,183.46 -27.88,184.45 -31.87,185.44 -35.69,186.72 -39.50,187.99 -43.03,189.26 -46.55,190.54 -50.58,191.68 -54.61,192.82 -58.17,194.02 -61.72,195.21 -65.31,196.32 -68.89,197.42 -72.63,198.33 -76.37,199.25 -79.84,200.07 -83.32,200.89 -86.87,201.54 -90.41,202.19 -95.91,202.61 -101.41,203.04 -104.75,203.22 -108.10,203.40 -111.28,203.47 -114.47,203.55 -118.01,203.58 -121.55,203.61 -131.27,202.90 -140.99,202.18 -146.54,201.88 -152.10,201.57 -156.68,201.15 -161.25,200.73 -165.37,200.40 -169.48,200.08 -173.44,199.65 -177.40,199.22 -180.64,199.04 -183.88,198.86 -186.57,198.78 -189.26,198.70 -193.24,198.23 -197.22,197.75 -199.73,197.56 -202.25,197.36 -204.23,197.16 -206.21,196.96 -208.68,196.56 -211.14,196.16 -213.96,195.54 -216.78,194.92 -219.72,194.22 -222.66,193.52 -225.66,192.78 -228.66,192.05 -231.86,191.14 -235.05,190.24 -238.19,189.12 -241.32,187.99 -244.25,186.93 -247.17,185.88 -251.22,184.10 -255.27,182.32 -257.31,181.26 -259.34,180.20 -261.00,179.71 -262.66,179.22 -264.56,178.02 -266.46,176.81 -268.29,175.93 -270.12,175.04 -271.89,173.89 -273.67,172.73 -275.44,171.34 -277.21,169.94 -279.05,168.82 -280.88,167.70 -282.61,166.45 -284.35,165.20 -285.60,164.30 -286.86,163.39 -288.07,162.04 -289.29,160.70 -290.62,158.76 -291.95,156.83 -292.64,155.89 -293.33,154.96 -294.08,153.87 -294.82,152.78 -295.47,150.78 -296.11,148.78 -296.54,147.08 -296.97,145.37 -297.08,142.76 -297.19,140.15 -297.20,137.77 -297.21,135.38 -297.19,132.91 -297.18,130.43 -297.16,127.63 -297.14,124.83 -296.37,121.02 -295.61,117.22 -295.32,115.24 -295.02,113.27 -294.10,111.21 -293.18,109.16 -292.21,107.19 -291.24,105.23 -290.06,103.32 -288.88,101.41 -287.50,99.43 -286.11,97.45 -284.61,95.70 -283.12,93.94 -281.17,91.75 -279.23,89.56 -277.03,87.70 -274.83,85.83 -272.61,83.90 -270.40,81.98 -268.00,79.85 -265.61,77.72 -262.83,75.35 -260.04,72.98 -257.52,71.08 -255.00,69.17 -251.36,65.93 -247.72,62.69 -245.25,60.69 -242.79,58.69 -241.07,57.02 -239.35,55.34 -237.11,53.42 -234.87,51.50 -232.32,49.38 -229.77,47.25 -227.37,45.32 -224.97,43.40 -222.61,41.69 -220.26,39.98 -217.78,38.36 -215.30,36.75 -212.63,35.18 -209.96,33.61 -207.55,32.09 -205.13,30.57 -201.88,28.73 -198.63,26.90 -195.76,25.52 -192.90,24.14 -190.08,22.84 -187.27,21.53 -183.87,20.09 -180.47,18.65 -178.66,17.64 -176.85,16.62 -175.01,15.70 -173.17,14.78 -171.03,13.95 -168.90,13.12 -166.88,12.21 -164.85,11.30 -162.70,10.20 -160.54,9.09 -158.12,8.02 -155.70,6.94 -153.40,5.78 -151.11,4.62 -148.47,3.51 -145.83,2.41 -143.24,1.50 -140.64,0.59 -137.98,-0.50 -135.32,-1.60 -132.68,-2.52 -130.05,-3.44 -126.79,-4.00 -123.54,-4.56 -120.91,-5.08 -118.27,-5.59 -115.32,-5.82 -112.37,-6.05 -110.10,-6.15 -107.84,-6.24 -105.56,-6.28 -103.28,-6.32 -100.56,-6.34 -97.84,-6.36 -95.08,-6.36 -92.32,-6.37 -89.69,-6.37 -87.06,-6.38 -84.63,-6.38 -82.20,-6.38 -79.85,-6.38 -77.51,-6.38 -75.20,-6.38 -72.89,-6.38 -70.59,-6.38 -68.30,-6.38 -66.01,-6.38 -63.73,-6.38 -61.44,-6.38 -59.16,-6.38 -56.88,-6.38 -54.59,-6.38 -52.75,-6.44 -50.90,-6.50 -47.93,-6.48 -44.96,-6.47 -43.26,-6.54 -41.56,-6.61 -39.61,-6.49 -37.66,-6.36 -36.01,-6.35 -34.36,-6.35 -32.64,-6.36 -30.93,-6.36 -29.16,-6.09 -27.39,-5.81 -26.06,-5.75 -24.73,-5.70 -23.58,-5.72 -22.44,-5.74 -21.24,-5.77 -20.03,-5.80 -18.65,-5.82 -17.26,-5.84 -15.80,-5.85 -14.33,-5.86 -13.13,-5.90 -11.92,-5.94 -10.68,-5.97 -9.44,-6.00 -7.89,-5.98 -6.35,-5.96 -4.49,-6.26 -2.63,-6.55 -1.45,-6.60 -0.26,-6.65 1.49,-7.13 3.26,-7.61 4.52,-7.69 5.78,-7.76 7.73,-7.84 9.68,-7.92 10.83,-7.93 11.99,-7.93 13.06,-7.94 14.13,-7.95 15.31,-8.07 16.48,-8.18 17.87,-8.24 19.25,-8.29 22.32,-8.38 25.39,-8.47 25.85,-8.40 26.32,-8.33 26.73,-8.11 27.15,-7.89 27.47,-7.55 27.80,-7.22 28.00,-6.79 28.20,-6.37 28.25,-5.90 28.31,-5.43 28.21,-4.97 28.11,-4.51 27.87,-4.11 27.63,-3.71 27.28,-3.40 26.92,-3.09 26.49,-2.92 26.05,-2.74 25.58,-2.71 25.11,-2.68 24.66,-2.81 24.21,-2.93 23.82,-3.19 23.43,-3.45 23.14,-3.82 22.85,-4.19 22.70,-4.64 22.55,-5.08 22.54,-5.55 22.54,-6.02 22.69,-6.47 22.84,-6.91 23.12,-7.29 23.40,-7.66 23.79,-7.93 24.17,-8.20 24.62,-8.33 25.08,-8.45 25.55,-8.43 26.01,-8.41 26.45,-8.24 26.89,-8.07 27.25,-7.77 27.61,-7.46 27.85,-7.06 28.10,-6.66 28.20,-6.20 28.31,-5.75 28.26,-5.28 28.21,-4.81 28.02,-4.38 27.82,-3.96 27.50,-3.61 27.18,-3.27 26.77,-3.05 26.35,-2.83 25.89,-2.75 25.43,-2.67 25.43,-2.67 25.43,-2.67 22.47,-2.67 19.52,-2.67 18.31,-2.60 17.11,-2.53 15.62,-2.35 14.14,-2.17 13.08,-2.18 12.01,-2.19 10.87,-2.19 9.74,-2.18 7.89,-2.20 6.04,-2.21 4.27,-2.13 2.50,-2.05 1.21,-1.71 -0.08,-1.38 -2.07,-1.37 -4.06,-1.35 -5.20,-1.24 -6.34,-1.13 -7.89,-1.11 -9.44,-1.10 -10.68,-1.13 -11.93,-1.16 -13.14,-1.20 -14.35,-1.25 -15.82,-1.26 -17.29,-1.28 -18.70,-1.32 -20.12,-1.36 -21.38,-1.44 -22.64,-1.51 -23.86,-1.64 -25.09,-1.77 -26.58,-1.97 -28.08,-2.18 -29.53,-2.51 -30.99,-2.83 -32.74,-2.89 -34.49,-2.95 -36.20,-3.07 -37.90,-3.19 -39.73,-3.36 -41.56,-3.52 -43.26,-3.59 -44.96,-3.67 -47.93,-3.65 -50.90,-3.63 -52.75,-3.69 -54.59,-3.75 -56.88,-3.75 -59.16,-3.75 -61.44,-3.75 -63.73,-3.75 -66.01,-3.75 -68.30,-3.75 -70.59,-3.75 -72.89,-3.75 -75.20,-3.75 -77.51,-3.75 -79.85,-3.75 -82.19,-3.75 -84.62,-3.75 -87.05,-3.75 -89.68,-3.75 -92.31,-3.74 -95.07,-3.74 -97.82,-3.73 -100.52,-3.71 -103.23,-3.69 -105.48,-3.65 -107.73,-3.62 -109.95,-3.52 -112.17,-3.43 -114.97,-3.22 -117.77,-3.01 -120.44,-2.49 -123.10,-1.97 -126.14,-1.46 -129.18,-0.96 -131.75,-0.06 -134.32,0.83 -137.04,1.95 -139.77,3.07 -142.29,3.96 -144.81,4.85 -147.36,5.91 -149.91,6.98 -152.27,8.17 -154.62,9.37 -156.97,10.42 -159.32,11.46 -161.54,12.60 -163.75,13.74 -165.83,14.69 -167.92,15.64 -169.95,16.44 -171.98,17.23 -173.78,18.07 -175.57,18.92 -177.51,19.99 -179.45,21.07 -182.80,22.49 -186.16,23.91 -188.96,25.21 -191.76,26.51 -194.55,27.85 -197.34,29.18 -200.53,30.99 -203.73,32.79 -206.18,34.33 -208.63,35.88 -211.25,37.42 -213.87,38.95 -216.29,40.53 -218.71,42.10 -221.02,43.77 -223.32,45.45 -225.70,47.36 -228.09,49.27 -230.62,51.38 -233.16,53.50 -235.34,55.36 -237.51,57.23 -239.32,58.99 -241.13,60.74 -243.55,62.70 -245.97,64.65 -249.69,67.97 -253.41,71.28 -255.87,73.13 -258.33,74.99 -261.09,77.35 -263.85,79.70 -266.25,81.84 -268.66,83.98 -270.88,85.92 -273.10,87.86 -275.16,89.60 -277.23,91.34 -279.14,93.52 -281.06,95.69 -282.46,97.35 -283.87,99.01 -285.19,100.93 -286.52,102.86 -287.61,104.66 -288.69,106.46 -289.62,108.42 -290.54,110.37 -291.35,112.06 -292.15,113.74 -292.46,115.76 -292.78,117.77 -293.47,121.30 -294.15,124.83 -294.11,127.61 -294.06,130.40 -293.99,132.84 -293.91,135.28 -293.78,137.60 -293.65,139.91 -293.42,142.19 -293.19,144.47 -292.84,146.04 -292.49,147.61 -291.97,149.19 -291.46,150.78 -290.41,152.88 -289.36,154.97 -288.03,156.75 -286.69,158.53 -285.76,159.74 -284.83,160.96 -283.78,161.97 -282.73,162.97 -281.09,164.16 -279.46,165.36 -277.48,166.55 -275.50,167.74 -273.80,169.05 -272.10,170.36 -270.50,171.44 -268.90,172.52 -266.91,173.46 -264.92,174.41 -263.31,175.45 -261.70,176.50 -259.92,177.18 -258.13,177.87 -256.17,178.89 -254.21,179.91 -250.24,181.65 -246.27,183.39 -243.35,184.45 -240.43,185.50 -237.38,186.59 -234.32,187.69 -231.18,188.57 -228.03,189.46 -225.04,190.18 -222.05,190.91 -219.13,191.60 -216.20,192.28 -213.45,192.87 -210.70,193.46 -208.30,193.84 -205.89,194.21 -203.96,194.48 -202.04,194.74 -199.47,194.94 -196.90,195.15 -193.04,195.61 -189.18,196.08 -186.46,196.16 -183.74,196.24 -180.42,196.42 -177.11,196.61 -173.19,197.03 -169.27,197.46 -165.14,197.79 -161.01,198.11 -156.48,198.53 -151.95,198.95 -146.38,199.26 -140.80,199.56 -131.18,200.27 -121.57,200.99 -118.05,200.96 -114.53,200.92 -111.38,200.85 -108.24,200.77 -104.93,200.60 -101.61,200.42 -96.25,200.01 -90.88,199.60 -87.40,198.97 -83.92,198.33 -80.46,197.51 -76.99,196.69 -73.33,195.80 -69.66,194.91 -66.11,193.82 -62.56,192.72 -58.94,191.51 -55.32,190.29 -51.38,189.18 -47.45,188.07 -43.89,186.78 -40.34,185.50 -36.42,184.19 -32.50,182.89 -28.58,181.92 -24.66,180.95 -20.47,179.66 -16.28,178.38 -12.66,177.43 -9.04,176.49 -5.72,175.65 -2.40,174.80 0.65,173.85 3.71,172.89 6.88,171.63 10.05,170.37 13.03,169.15 16.00,167.92 18.92,166.40 21.85,164.88 24.09,163.26 26.33,161.65 28.53,159.90 30.72,158.16 32.93,156.00 35.14,153.84 37.21,151.89 39.28,149.94 41.10,148.07 42.92,146.19 44.81,144.18 46.70,142.17 48.39,140.23 50.08,138.29 51.16,136.67 52.23,135.05 53.32,133.24 54.40,131.43 55.92,128.60 57.44,125.77 58.03,123.70 58.61,121.63 59.00,119.08 59.39,116.53 59.28,114.05 59.18,111.58 58.94,108.82 58.70,106.06 58.13,102.87 57.55,99.69 56.90,96.35 56.24,93.02 55.01,89.14 53.78,85.27 52.59,81.96 51.41,78.66 49.96,75.25 48.51,71.85 47.18,68.68 45.84,65.50 44.39,62.41 42.93,59.32 41.58,56.22 40.24,53.11 39.15,50.63 38.06,48.14 36.87,45.68 35.67,43.22 34.60,41.21 33.52,39.21 32.27,37.39 31.02,35.57 29.91,33.83 28.80,32.08 27.46,30.49 26.12,28.90 24.67,27.19 23.22,25.48 22.03,23.90 20.83,22.32 19.37,20.65 17.91,18.97 16.61,17.61 15.31,16.25 13.93,14.98 12.55,13.71 11.45,12.67 10.35,11.62 9.14,10.58 7.92,9.54 6.54,8.57 5.16,7.61 4.10,6.73 3.03,5.85 1.76,4.77 0.49,3.69 -0.50,2.50 -1.51,1.32 -1.64,1.12 -1.78,0.92 -1.86,0.69 -1.95,0.46 -1.97,0.22 -2.00,-0.01 -1.97,-0.25 -1.94,-0.49 -1.85,-0.71 -1.77,-0.94 -1.63,-1.14 -1.49,-1.33 -1.31,-1.49 -1.12,-1.65 -0.91,-1.76 -0.69,-1.88 -0.46,-1.93 -0.22,-1.99 0.01,-1.99 0.25,-1.99 0.48,-1.93 0.72,-1.87 0.93,-1.75 1.15,-1.64 1.33,-1.48 1.51,-1.32 1.51,-1.32 L 1.51,-1.32 Z"/></g><g transform="translate(397.4629821777344 70.85806274414062) rotate(0 18.25738525390625 112.58740997314453)" stroke="none"><path fill="#1e1e1e" d="M 0.14,1.69 Q 0.14,1.69 -1.60,1.87 -3.35,2.04 -4.85,2.17 -6.36,2.30 -7.69,2.64 -9.03,2.98 -11.21,3.19 -13.39,3.40 -15.40,3.74 -17.42,4.08 -19.81,4.36 -22.20,4.64 -24.42,5.16 -26.65,5.69 -28.96,6.20 -31.27,6.71 -33.84,7.35 -36.40,7.99 -38.79,8.69 -41.17,9.39 -43.47,10.25 -45.76,11.12 -48.08,11.93 -50.40,12.74 -52.63,13.79 -54.87,14.83 -56.87,15.73 -58.88,16.63 -61.08,17.46 -63.28,18.29 -65.49,19.21 -67.70,20.13 -69.92,21.23 -72.14,22.34 -74.90,23.42 -77.67,24.50 -80.09,25.66 -82.51,26.83 -85.61,28.21 -88.72,29.59 -91.50,30.76 -94.28,31.94 -96.74,33.15 -99.19,34.36 -101.58,35.47 -103.96,36.58 -106.23,37.89 -108.49,39.21 -110.31,40.48 -112.12,41.75 -113.78,42.91 -115.44,44.07 -116.79,45.28 -118.14,46.48 -119.22,47.82 -120.29,49.16 -121.51,50.63 -122.73,52.10 -124.17,53.61 -125.61,55.13 -126.73,56.60 -127.85,58.07 -129.27,59.73 -130.69,61.38 -131.99,63.19 -133.29,65.00 -134.73,67.09 -136.17,69.18 -137.69,71.12 -139.21,73.07 -140.82,75.84 -142.43,78.62 -144.02,81.29 -145.60,83.96 -147.14,86.69 -148.69,89.41 -150.08,91.89 -151.46,94.36 -152.62,96.82 -153.77,99.29 -155.01,101.69 -156.25,104.09 -157.35,106.27 -158.46,108.44 -159.34,110.63 -160.23,112.81 -160.88,115.02 -161.54,117.22 -162.28,119.24 -163.01,121.26 -163.43,123.19 -163.84,125.12 -164.48,128.29 -165.11,131.46 -165.31,133.23 -165.51,135.00 -165.86,136.72 -166.22,138.44 -166.38,140.32 -166.54,142.21 -166.65,145.05 -166.76,147.90 -166.81,150.00 -166.86,152.09 -166.82,153.85 -166.78,155.61 -166.39,157.52 -166.01,159.43 -165.43,161.57 -164.84,163.72 -164.17,165.95 -163.49,168.18 -162.37,170.50 -161.25,172.82 -160.18,175.01 -159.11,177.20 -157.83,179.07 -156.55,180.95 -155.12,182.93 -153.69,184.92 -151.97,186.72 -150.25,188.52 -148.47,190.50 -146.68,192.47 -144.69,194.11 -142.69,195.76 -140.66,197.35 -138.63,198.94 -136.34,200.47 -134.05,202.00 -131.49,203.51 -128.93,205.03 -126.55,206.25 -124.17,207.46 -121.27,208.86 -118.36,210.25 -115.12,211.56 -111.87,212.86 -108.75,214.00 -105.62,215.14 -102.79,216.37 -99.96,217.60 -95.35,218.97 -90.74,220.33 -88.03,221.06 -85.33,221.80 -82.73,222.40 -80.14,223.00 -77.00,223.69 -73.85,224.38 -70.81,224.81 -67.77,225.25 -64.62,225.43 -61.46,225.61 -58.02,225.98 -54.59,226.36 -51.26,226.66 -47.93,226.96 -44.50,227.09 -41.07,227.22 -37.66,227.57 -34.25,227.92 -30.82,228.06 -27.39,228.20 -24.18,228.27 -20.97,228.33 -17.42,228.36 -13.87,228.38 -10.46,228.39 -7.06,228.40 -3.45,228.26 0.15,228.12 3.84,227.77 7.54,227.42 11.62,227.13 15.70,226.83 19.57,226.27 23.44,225.72 27.29,225.18 31.15,224.65 37.16,223.84 43.17,223.04 46.18,222.69 49.18,222.34 52.60,221.77 56.03,221.19 59.85,220.65 63.67,220.10 68.24,219.72 72.81,219.34 77.35,218.89 81.89,218.44 86.42,217.82 90.96,217.19 95.55,216.77 100.14,216.36 104.82,215.75 109.51,215.14 113.63,214.16 117.75,213.18 121.58,212.32 125.41,211.46 129.29,210.10 133.18,208.74 137.28,206.86 141.39,204.98 145.01,203.02 148.64,201.07 151.46,199.24 154.28,197.40 158.52,194.16 162.76,190.92 165.47,188.94 168.17,186.96 170.16,185.28 172.14,183.59 174.56,181.15 176.98,178.71 179.50,176.33 182.02,173.95 184.23,171.66 186.44,169.36 188.67,166.67 190.89,163.97 192.71,161.52 194.52,159.07 196.15,156.46 197.77,153.85 199.02,151.05 200.26,148.25 201.23,145.75 202.20,143.25 202.58,140.42 202.96,137.59 203.14,135.06 203.31,132.53 203.38,128.41 203.46,124.28 203.49,121.79 203.52,119.30 203.39,116.82 203.26,114.35 203.20,111.94 203.15,109.54 202.98,106.95 202.81,104.36 202.45,101.99 202.09,99.62 201.93,97.23 201.77,94.83 201.54,92.84 201.31,90.86 200.80,88.77 200.30,86.69 199.65,84.65 199.01,82.60 198.03,80.48 197.05,78.35 196.03,75.94 195.02,73.53 193.88,71.40 192.75,69.27 190.82,66.19 188.90,63.12 187.66,61.39 186.41,59.66 184.72,57.47 183.03,55.28 181.03,53.07 179.03,50.86 177.14,48.73 175.25,46.61 173.31,44.72 171.37,42.83 169.91,41.09 168.45,39.35 167.32,37.72 166.19,36.09 165.03,34.78 163.87,33.47 162.88,32.52 161.89,31.57 160.92,30.18 159.95,28.78 158.81,27.45 157.66,26.11 156.67,25.13 155.68,24.15 154.02,22.19 152.36,20.22 151.21,19.21 150.06,18.19 148.69,16.82 147.32,15.45 145.94,14.35 144.55,13.26 142.96,12.02 141.37,10.78 139.49,9.70 137.60,8.61 135.20,7.40 132.79,6.18 129.96,5.25 127.13,4.31 124.70,3.45 122.28,2.58 120.03,2.09 117.78,1.59 115.97,1.43 114.16,1.27 112.64,0.96 111.13,0.65 109.70,0.43 108.28,0.20 106.66,0.20 105.04,0.20 103.03,-0.04 101.02,-0.30 99.87,-0.52 98.72,-0.74 97.60,-0.81 96.48,-0.88 94.71,-1.01 92.94,-1.13 90.72,-1.59 88.50,-2.05 86.25,-2.27 84.00,-2.50 81.29,-2.63 78.57,-2.76 75.23,-2.83 71.89,-2.91 69.34,-2.82 66.79,-2.73 64.80,-2.66 62.81,-2.60 60.17,-2.18 57.54,-1.76 55.91,-1.48 54.29,-1.20 53.01,-0.77 51.73,-0.34 50.22,0.02 48.71,0.40 47.28,0.84 45.86,1.28 44.29,1.65 42.72,2.02 41.09,2.21 39.45,2.39 38.08,2.74 36.70,3.08 34.58,3.19 32.46,3.30 30.32,3.41 28.19,3.53 26.02,3.83 23.85,4.13 21.41,4.40 18.96,4.66 17.14,5.08 15.32,5.49 12.49,6.21 9.67,6.93 8.11,7.57 6.55,8.21 5.25,8.72 3.96,9.22 2.75,9.74 1.53,10.27 0.38,10.70 -0.77,11.13 -1.80,11.37 -2.84,11.62 -4.41,12.24 -5.98,12.86 -7.19,12.98 -8.41,13.10 -10.76,13.38 -13.11,13.66 -14.16,13.95 -15.21,14.24 -16.49,14.43 -17.78,14.61 -20.10,14.74 -22.41,14.86 -25.55,14.93 -28.68,14.99 -29.13,14.92 -29.58,14.85 -29.98,14.63 -30.39,14.42 -30.70,14.09 -31.02,13.76 -31.21,13.34 -31.40,12.93 -31.45,12.47 -31.50,12.02 -31.40,11.57 -31.31,11.12 -31.07,10.73 -30.84,10.34 -30.49,10.04 -30.14,9.74 -29.71,9.57 -29.29,9.40 -28.83,9.38 -28.38,9.35 -27.93,9.48 -27.49,9.60 -27.11,9.86 -26.74,10.11 -26.46,10.48 -26.18,10.84 -26.03,11.27 -25.89,11.71 -25.89,12.16 -25.89,12.62 -26.03,13.06 -26.18,13.49 -26.46,13.85 -26.73,14.22 -27.11,14.48 -27.49,14.73 -27.93,14.86 -28.37,14.98 -28.83,14.95 -29.28,14.93 -29.71,14.76 -30.13,14.59 -30.48,14.29 -30.83,14.00 -31.07,13.61 -31.31,13.22 -31.40,12.77 -31.50,12.32 -31.45,11.87 -31.40,11.41 -31.21,11.00 -31.02,10.58 -30.71,10.25 -30.39,9.92 -29.99,9.70 -29.58,9.49 -29.13,9.41 -28.68,9.34 -28.68,9.34 -28.68,9.34 -25.60,9.37 -22.52,9.40 -21.32,9.37 -20.11,9.35 -18.29,9.25 -16.48,9.14 -14.95,8.78 -13.42,8.42 -12.24,8.37 -11.07,8.31 -9.89,8.16 -8.72,8.00 -7.25,7.97 -5.78,7.94 -3.88,7.53 -1.98,7.12 -0.89,6.86 0.20,6.61 1.53,6.20 2.87,5.79 4.14,5.48 5.41,5.18 7.15,4.58 8.88,3.99 11.75,3.19 14.62,2.38 16.59,1.95 18.56,1.52 20.92,1.17 23.28,0.82 25.56,0.36 27.84,-0.09 30.00,-0.39 32.15,-0.69 33.95,-0.88 35.74,-1.08 37.41,-1.43 39.07,-1.79 40.47,-1.88 41.87,-1.97 43.33,-2.25 44.79,-2.53 46.36,-2.93 47.94,-3.33 49.37,-3.56 50.81,-3.80 52.35,-4.12 53.89,-4.44 55.47,-4.56 57.04,-4.67 59.88,-5.17 62.71,-5.68 64.67,-5.73 66.63,-5.78 69.27,-5.96 71.91,-6.13 75.28,-6.16 78.64,-6.20 81.43,-6.21 84.21,-6.23 86.66,-6.19 89.11,-6.15 91.09,-5.98 93.07,-5.81 95.00,-5.84 96.93,-5.86 98.34,-5.70 99.76,-5.54 101.14,-5.21 102.52,-4.88 103.92,-4.49 105.33,-4.10 107.18,-3.72 109.03,-3.35 110.53,-2.96 112.02,-2.57 113.26,-2.11 114.50,-1.66 116.43,-1.39 118.36,-1.12 120.79,-0.61 123.21,-0.10 125.62,0.70 128.03,1.52 131.08,2.48 134.13,3.43 136.64,4.61 139.15,5.79 141.28,6.91 143.41,8.03 145.10,9.23 146.79,10.43 148.33,11.64 149.86,12.85 151.23,14.17 152.61,15.48 153.79,16.67 154.98,17.85 156.76,19.69 158.54,21.54 159.47,22.65 160.40,23.76 161.71,25.29 163.03,26.82 163.73,28.06 164.43,29.29 165.31,30.41 166.19,31.54 167.37,33.04 168.55,34.54 169.51,36.10 170.46,37.66 171.84,39.30 173.21,40.95 175.21,42.90 177.21,44.86 179.09,46.98 180.98,49.10 183.05,51.38 185.12,53.67 186.84,55.90 188.55,58.12 189.85,59.92 191.14,61.71 193.11,64.87 195.09,68.02 196.27,70.26 197.46,72.49 198.47,74.87 199.47,77.24 200.51,79.52 201.56,81.79 202.24,83.92 202.91,86.06 203.46,88.31 204.01,90.57 204.20,92.61 204.39,94.66 204.54,96.95 204.69,99.24 205.06,101.71 205.43,104.19 205.60,106.84 205.77,109.48 205.83,111.84 205.88,114.21 206.02,116.77 206.15,119.33 206.12,121.83 206.09,124.33 206.01,128.52 205.93,132.71 205.75,135.33 205.57,137.95 205.11,141.07 204.66,144.18 203.66,146.75 202.66,149.32 201.33,152.28 200.00,155.24 198.32,157.94 196.63,160.64 194.78,163.14 192.92,165.64 190.63,168.41 188.33,171.18 186.08,173.52 183.83,175.86 181.34,178.21 178.85,180.56 176.34,183.08 173.84,185.60 171.78,187.34 169.73,189.08 167.04,191.05 164.36,193.01 160.04,196.31 155.71,199.61 152.80,201.49 149.88,203.38 146.18,205.37 142.48,207.37 138.26,209.29 134.05,211.21 130.02,212.62 125.99,214.03 122.17,214.88 118.36,215.74 114.10,216.74 109.85,217.74 105.11,218.36 100.38,218.97 95.85,219.38 91.32,219.79 86.73,220.43 82.15,221.06 77.59,221.51 73.03,221.96 68.53,222.33 64.04,222.70 60.25,223.24 56.47,223.78 52.97,224.37 49.48,224.95 46.50,225.30 43.52,225.64 37.51,226.45 31.50,227.26 27.66,227.79 23.81,228.32 19.85,228.88 15.89,229.45 11.84,229.75 7.79,230.04 4.02,230.39 0.25,230.75 -3.40,230.89 -7.07,231.03 -10.48,231.02 -13.89,231.01 -17.45,230.98 -21.02,230.95 -24.26,230.89 -27.50,230.83 -31.01,230.68 -34.52,230.53 -37.85,230.19 -41.17,229.84 -44.67,229.71 -48.16,229.58 -51.52,229.27 -54.87,228.97 -58.24,228.60 -61.62,228.23 -64.88,228.04 -68.14,227.85 -71.28,227.40 -74.42,226.95 -77.58,226.25 -80.74,225.56 -83.37,224.94 -86.01,224.33 -88.75,223.59 -91.48,222.85 -96.25,221.43 -101.01,220.01 -103.77,218.81 -106.52,217.61 -109.69,216.46 -112.86,215.30 -116.18,213.96 -119.50,212.62 -122.44,211.21 -125.37,209.81 -127.82,208.55 -130.27,207.30 -132.90,205.74 -135.52,204.19 -137.89,202.61 -140.26,201.02 -142.32,199.41 -144.38,197.80 -146.51,196.03 -148.65,194.26 -150.42,192.31 -152.19,190.36 -154.03,188.43 -155.87,186.49 -157.32,184.48 -158.78,182.48 -160.17,180.45 -161.56,178.42 -162.65,176.22 -163.74,174.03 -164.97,171.53 -166.19,169.03 -166.92,166.77 -167.64,164.52 -168.30,162.28 -168.96,160.05 -169.44,157.83 -169.92,155.61 -169.85,153.83 -169.79,152.05 -169.78,149.94 -169.77,147.82 -169.73,144.88 -169.69,141.94 -169.50,139.81 -169.32,137.67 -168.87,136.12 -168.41,134.57 -168.07,132.75 -167.74,130.94 -167.11,127.73 -166.48,124.53 -165.99,122.44 -165.50,120.36 -164.78,118.41 -164.07,116.47 -163.37,114.14 -162.67,111.82 -161.74,109.53 -160.81,107.24 -159.71,105.06 -158.60,102.88 -157.39,100.52 -156.18,98.17 -154.98,95.61 -153.79,93.06 -152.41,90.58 -151.02,88.10 -149.48,85.34 -147.93,82.59 -146.36,79.92 -144.80,77.25 -143.10,74.31 -141.41,71.37 -139.96,69.48 -138.51,67.59 -137.09,65.46 -135.67,63.34 -134.34,61.40 -133.01,59.46 -131.68,57.80 -130.34,56.13 -129.11,54.57 -127.87,53.02 -126.51,51.54 -125.15,50.06 -123.89,48.60 -122.64,47.14 -121.33,45.70 -120.02,44.26 -118.50,43.04 -116.98,41.82 -115.30,40.71 -113.63,39.60 -111.72,38.27 -109.81,36.94 -107.44,35.56 -105.07,34.19 -102.71,33.10 -100.35,32.00 -97.83,30.76 -95.30,29.51 -92.55,28.35 -89.79,27.19 -86.72,25.82 -83.64,24.45 -81.14,23.25 -78.63,22.05 -75.97,21.01 -73.31,19.97 -71.02,18.83 -68.72,17.68 -66.47,16.74 -64.22,15.80 -62.09,15.00 -59.97,14.19 -57.99,13.30 -56.01,12.40 -53.66,11.30 -51.30,10.19 -49.02,9.38 -46.73,8.56 -44.35,7.64 -41.97,6.73 -39.54,5.99 -37.11,5.25 -34.52,4.56 -31.93,3.87 -29.66,3.31 -27.38,2.75 -25.01,2.13 -22.63,1.50 -20.35,1.14 -18.08,0.78 -15.98,0.30 -13.87,-0.17 -11.86,-0.52 -9.85,-0.88 -8.19,-1.17 -6.52,-1.47 -5.08,-1.46 -3.64,-1.46 -1.89,-1.58 -0.14,-1.69 0.06,-1.69 0.26,-1.68 0.46,-1.62 0.66,-1.57 0.84,-1.46 1.02,-1.36 1.16,-1.22 1.31,-1.08 1.42,-0.90 1.53,-0.73 1.60,-0.54 1.66,-0.34 1.68,-0.14 1.70,0.06 1.67,0.26 1.63,0.47 1.55,0.65 1.47,0.84 1.35,1.01 1.23,1.17 1.07,1.30 0.91,1.43 0.72,1.52 0.54,1.61 0.34,1.65 0.14,1.69 0.14,1.69 L 0.14,1.69 Z"/></g><g transform="translate(384.2771301269531 157.58078002929688) rotate(0 -78.60833740234375 -38.79701232910156)" stroke="none"><path fill="#1e1e1e" d="M 1.47,2.20 Q 1.47,2.20 0.60,2.81 -0.25,3.41 -0.88,4.54 -1.51,5.68 -2.11,7.63 -2.72,9.58 -3.48,11.28 -4.24,12.98 -5.22,15.19 -6.19,17.40 -6.67,18.39 -7.15,19.38 -7.96,21.60 -8.76,23.82 -9.49,25.26 -10.22,26.70 -10.98,28.20 -11.75,29.70 -12.56,31.24 -13.37,32.78 -14.38,34.56 -15.40,36.34 -16.80,38.56 -18.19,40.79 -19.55,42.88 -20.90,44.97 -22.42,46.92 -23.93,48.87 -25.13,50.53 -26.34,52.18 -27.60,53.80 -28.87,55.41 -30.33,56.89 -31.80,58.37 -32.97,59.49 -34.14,60.62 -35.40,61.60 -36.66,62.59 -37.73,63.45 -38.79,64.31 -40.36,64.97 -41.92,65.63 -43.19,66.16 -44.46,66.70 -45.43,67.32 -46.40,67.94 -47.78,68.48 -49.17,69.02 -50.18,69.50 -51.20,69.98 -52.65,70.29 -54.11,70.60 -55.14,70.86 -56.18,71.11 -57.24,71.48 -58.30,71.85 -59.59,72.10 -60.88,72.34 -62.19,72.44 -63.50,72.53 -64.63,72.59 -65.76,72.64 -66.98,72.67 -68.19,72.69 -69.29,72.71 -70.39,72.73 -71.58,72.74 -72.78,72.75 -74.06,72.60 -75.34,72.46 -76.74,72.06 -78.14,71.66 -79.66,70.98 -81.17,70.30 -82.66,69.55 -84.14,68.79 -85.71,67.81 -87.28,66.82 -88.73,65.99 -90.18,65.15 -91.61,63.91 -93.04,62.67 -94.34,61.66 -95.64,60.65 -97.10,59.41 -98.56,58.17 -100.00,57.08 -101.43,56.00 -103.02,54.18 -104.61,52.35 -106.06,50.75 -107.51,49.14 -109.01,47.40 -110.51,45.65 -112.28,43.76 -114.05,41.87 -115.72,39.68 -117.39,37.49 -118.98,35.08 -120.57,32.67 -122.10,30.35 -123.63,28.02 -125.17,25.40 -126.71,22.78 -128.36,20.24 -130.01,17.70 -131.59,15.30 -133.17,12.90 -134.73,10.25 -136.29,7.60 -137.66,5.48 -139.03,3.37 -140.23,1.26 -141.42,-0.84 -142.39,-2.60 -143.36,-4.35 -144.46,-5.89 -145.57,-7.43 -146.56,-9.02 -147.55,-10.60 -148.22,-11.90 -148.88,-13.19 -149.57,-14.91 -150.26,-16.62 -150.97,-18.35 -151.68,-20.08 -152.39,-22.02 -153.11,-23.95 -153.75,-25.65 -154.39,-27.35 -155.08,-29.05 -155.76,-30.76 -156.61,-33.62 -157.46,-36.48 -158.14,-38.02 -158.81,-39.56 -159.54,-41.25 -160.27,-42.95 -160.99,-45.37 -161.70,-47.79 -162.42,-50.10 -163.13,-52.41 -163.85,-54.39 -164.57,-56.36 -165.06,-58.48 -165.54,-60.59 -166.07,-62.27 -166.61,-63.96 -167.01,-65.76 -167.42,-67.57 -167.91,-68.95 -168.40,-70.34 -168.68,-71.98 -168.95,-73.61 -169.20,-75.26 -169.44,-76.90 -169.85,-78.21 -170.26,-79.51 -170.49,-81.14 -170.71,-82.77 -170.98,-83.91 -171.24,-85.04 -171.39,-86.40 -171.54,-87.75 -171.63,-88.91 -171.72,-90.06 -171.77,-91.29 -171.82,-92.51 -171.84,-93.91 -171.85,-95.31 -171.85,-96.77 -171.85,-98.24 -171.84,-99.74 -171.83,-101.24 -171.67,-102.87 -171.51,-104.50 -171.26,-106.19 -171.01,-107.88 -170.37,-109.90 -169.72,-111.92 -168.98,-113.80 -168.23,-115.67 -167.11,-118.06 -165.99,-120.45 -165.65,-121.59 -165.31,-122.73 -165.06,-123.99 -164.82,-125.26 -164.21,-126.86 -163.60,-128.46 -163.08,-129.85 -162.55,-131.23 -161.74,-132.30 -160.92,-133.38 -160.00,-134.89 -159.07,-136.41 -158.34,-137.25 -157.60,-138.10 -156.31,-138.95 -155.01,-139.81 -154.07,-140.47 -153.12,-141.13 -152.12,-141.69 -151.11,-142.25 -150.07,-142.84 -149.02,-143.44 -147.52,-144.05 -146.02,-144.65 -144.61,-145.26 -143.20,-145.88 -141.89,-146.36 -140.59,-146.85 -139.19,-147.32 -137.78,-147.78 -136.37,-148.16 -134.96,-148.53 -133.17,-148.69 -131.38,-148.84 -129.99,-149.14 -128.60,-149.44 -126.91,-149.60 -125.23,-149.76 -123.18,-149.73 -121.14,-149.70 -120.00,-149.78 -118.87,-149.86 -117.48,-149.90 -116.09,-149.93 -114.31,-149.45 -112.53,-148.97 -111.00,-148.63 -109.47,-148.30 -106.00,-146.82 -102.54,-145.33 -100.72,-144.58 -98.91,-143.83 -96.98,-143.02 -95.06,-142.22 -93.12,-141.07 -91.17,-139.91 -89.31,-139.02 -87.44,-138.13 -85.71,-137.33 -83.98,-136.53 -81.98,-135.57 -79.97,-134.62 -77.64,-133.46 -75.31,-132.30 -73.03,-131.23 -70.76,-130.15 -68.57,-128.94 -66.39,-127.72 -62.86,-125.75 -59.33,-123.78 -57.38,-122.64 -55.43,-121.50 -53.59,-120.44 -51.75,-119.37 -49.66,-118.19 -47.58,-117.01 -45.35,-115.62 -43.12,-114.22 -40.86,-112.76 -38.60,-111.29 -36.72,-109.75 -34.83,-108.21 -32.90,-106.71 -30.97,-105.21 -29.47,-103.63 -27.97,-102.05 -26.64,-100.90 -25.30,-99.75 -24.05,-97.94 -22.79,-96.12 -21.59,-94.57 -20.39,-93.01 -19.26,-91.46 -18.12,-89.90 -16.93,-88.40 -15.75,-86.90 -14.24,-84.92 -12.74,-82.93 -11.41,-81.58 -10.08,-80.23 -8.84,-78.91 -7.61,-77.58 -6.23,-75.62 -4.85,-73.66 -3.95,-72.86 -3.06,-72.05 -1.74,-70.73 -0.42,-69.42 0.30,-68.43 1.03,-67.43 2.14,-65.53 3.25,-63.63 3.84,-62.57 4.44,-61.52 4.92,-60.16 5.40,-58.80 5.84,-57.83 6.28,-56.85 6.64,-54.98 7.00,-53.12 7.49,-51.71 7.99,-50.31 8.51,-48.74 9.03,-47.17 9.64,-45.71 10.25,-44.25 10.72,-42.58 11.20,-40.91 11.67,-39.79 12.14,-38.67 12.55,-37.32 12.96,-35.97 13.65,-34.52 14.35,-33.07 14.61,-31.33 14.87,-29.59 14.96,-28.25 15.05,-26.90 14.49,-24.73 13.93,-22.56 13.64,-20.65 13.36,-18.73 13.25,-16.70 13.14,-14.68 13.13,-12.71 13.13,-10.75 12.77,-8.52 12.41,-6.28 12.17,-4.57 11.93,-2.86 11.00,-1.11 10.06,0.63 9.45,1.54 8.84,2.45 8.07,3.27 7.31,4.10 6.63,5.49 5.95,6.88 5.24,8.18 4.53,9.48 3.81,10.38 3.09,11.27 2.24,12.19 1.38,13.11 0.31,14.13 -0.76,15.14 -1.14,16.82 -1.52,18.51 -1.92,18.91 -2.32,19.31 -2.83,19.56 -3.34,19.81 -3.90,19.89 -4.46,19.97 -5.02,19.86 -5.57,19.75 -6.07,19.47 -6.56,19.19 -6.94,18.77 -7.32,18.35 -7.54,17.83 -7.77,17.31 -7.81,16.74 -7.86,16.18 -7.72,15.63 -7.59,15.08 -7.28,14.60 -6.98,14.12 -6.53,13.77 -6.09,13.41 -5.56,13.22 -5.03,13.02 -4.46,13.00 -3.89,12.99 -3.35,13.16 -2.81,13.32 -2.35,13.65 -1.89,13.98 -1.56,14.44 -1.23,14.90 -1.06,15.45 -0.89,15.99 -0.91,16.55 -0.92,17.12 -1.12,17.65 -1.31,18.19 -1.67,18.63 -2.03,19.07 -2.50,19.38 -2.98,19.68 -3.53,19.82 -4.08,19.96 -4.65,19.91 -5.21,19.86 -5.73,19.64 -6.25,19.42 -6.68,19.04 -7.10,18.66 -7.38,18.16 -7.66,17.67 -7.76,17.11 -7.87,16.56 -7.79,16.00 -7.72,15.43 -7.47,14.93 -7.21,14.42 -7.21,14.42 -7.21,14.42 -6.62,13.12 -6.03,11.82 -5.17,10.93 -4.30,10.05 -3.72,9.10 -3.15,8.15 -2.34,7.38 -1.52,6.61 -0.72,5.09 0.08,3.57 0.84,2.31 1.59,1.05 2.93,-0.34 4.26,-1.73 5.18,-3.50 6.10,-5.27 6.40,-6.79 6.70,-8.31 6.93,-9.55 7.17,-10.78 7.21,-12.83 7.24,-14.89 7.29,-16.03 7.33,-17.17 7.63,-19.49 7.93,-21.81 8.17,-23.25 8.40,-24.70 8.84,-25.78 9.27,-26.87 9.32,-28.10 9.36,-29.34 9.30,-30.84 9.25,-32.35 8.78,-33.51 8.32,-34.67 8.04,-35.83 7.75,-36.98 7.27,-38.32 6.79,-39.66 6.41,-41.04 6.03,-42.42 5.30,-44.02 4.58,-45.62 4.03,-47.13 3.47,-48.64 2.80,-50.37 2.13,-52.10 1.81,-53.48 1.50,-54.87 0.76,-57.04 0.02,-59.21 -0.47,-60.23 -0.98,-61.26 -1.58,-62.42 -2.19,-63.58 -2.87,-65.10 -3.54,-66.62 -4.58,-68.16 -5.61,-69.69 -6.46,-70.77 -7.31,-71.86 -8.67,-73.65 -10.03,-75.45 -11.14,-76.79 -12.25,-78.12 -13.67,-79.61 -15.10,-81.10 -16.65,-83.04 -18.21,-84.98 -19.42,-86.55 -20.63,-88.12 -21.69,-89.67 -22.75,-91.21 -23.99,-92.84 -25.22,-94.47 -26.26,-96.04 -27.30,-97.60 -28.62,-98.91 -29.94,-100.22 -31.27,-101.67 -32.59,-103.12 -34.55,-104.64 -36.50,-106.16 -38.28,-107.61 -40.05,-109.06 -42.29,-110.52 -44.53,-111.97 -46.71,-113.33 -48.89,-114.68 -50.99,-115.86 -53.09,-117.04 -54.94,-118.10 -56.79,-119.16 -58.73,-120.27 -60.66,-121.38 -64.20,-123.33 -67.74,-125.28 -69.84,-126.42 -71.95,-127.56 -74.27,-128.61 -76.59,-129.66 -78.91,-130.75 -81.23,-131.84 -83.30,-132.73 -85.36,-133.63 -87.05,-134.45 -88.73,-135.28 -90.76,-136.15 -92.80,-137.02 -94.56,-137.95 -96.32,-138.88 -98.30,-139.54 -100.28,-140.21 -102.16,-140.86 -104.04,-141.51 -107.22,-142.64 -110.39,-143.77 -112.14,-144.09 -113.88,-144.42 -115.00,-144.80 -116.12,-145.19 -117.44,-145.20 -118.76,-145.21 -119.87,-145.23 -120.99,-145.26 -122.87,-145.10 -124.75,-144.94 -126.13,-144.80 -127.51,-144.66 -129.21,-144.26 -130.91,-143.85 -132.28,-143.71 -133.66,-143.56 -134.88,-143.24 -136.11,-142.92 -137.47,-142.44 -138.83,-141.95 -139.92,-141.57 -141.01,-141.20 -142.49,-140.46 -143.97,-139.72 -145.15,-139.21 -146.34,-138.71 -148.23,-137.72 -150.12,-136.74 -151.97,-135.63 -153.82,-134.52 -155.03,-133.30 -156.24,-132.07 -157.38,-130.79 -158.53,-129.51 -159.08,-128.20 -159.63,-126.89 -160.17,-125.58 -160.72,-124.27 -161.13,-122.80 -161.54,-121.33 -162.06,-120.16 -162.58,-118.99 -163.47,-116.63 -164.37,-114.27 -164.95,-112.51 -165.52,-110.75 -165.93,-109.02 -166.34,-107.29 -166.51,-105.66 -166.67,-104.03 -166.80,-102.64 -166.93,-101.24 -166.92,-99.75 -166.91,-98.25 -166.90,-96.79 -166.89,-95.33 -166.89,-93.96 -166.89,-92.58 -166.91,-91.41 -166.93,-90.23 -166.94,-89.16 -166.95,-88.09 -166.92,-86.95 -166.89,-85.82 -166.72,-84.52 -166.55,-83.23 -166.45,-81.90 -166.35,-80.56 -165.98,-78.99 -165.61,-77.43 -165.41,-75.75 -165.20,-74.08 -165.10,-72.72 -165.00,-71.35 -164.61,-69.78 -164.21,-68.22 -163.91,-66.51 -163.61,-64.80 -163.16,-63.02 -162.71,-61.24 -162.26,-59.32 -161.82,-57.40 -161.02,-55.38 -160.22,-53.36 -159.43,-51.07 -158.64,-48.77 -157.87,-46.53 -157.10,-44.29 -156.38,-42.57 -155.67,-40.85 -155.02,-39.15 -154.37,-37.45 -153.46,-34.75 -152.54,-32.05 -151.84,-30.28 -151.14,-28.52 -150.56,-26.84 -149.99,-25.17 -149.22,-23.29 -148.44,-21.42 -147.71,-19.66 -146.98,-17.91 -146.34,-16.23 -145.70,-14.55 -145.30,-13.35 -144.90,-12.15 -144.05,-10.61 -143.21,-9.07 -142.06,-7.36 -140.91,-5.66 -140.01,-3.90 -139.11,-2.15 -137.96,-0.11 -136.80,1.92 -135.40,4.08 -133.99,6.24 -132.46,8.83 -130.93,11.42 -129.33,13.82 -127.74,16.22 -126.05,18.80 -124.35,21.38 -122.83,23.93 -121.31,26.48 -119.76,28.78 -118.20,31.09 -116.64,33.39 -115.08,35.69 -113.46,37.72 -111.85,39.76 -109.99,41.63 -108.13,43.51 -106.59,45.13 -105.05,46.76 -103.47,48.29 -101.89,49.82 -100.45,51.25 -99.01,52.67 -97.45,53.75 -95.89,54.83 -94.42,55.93 -92.94,57.03 -91.45,58.10 -89.96,59.16 -88.94,60.07 -87.91,60.98 -86.35,61.76 -84.78,62.55 -83.35,63.31 -81.93,64.07 -80.49,64.69 -79.05,65.31 -77.80,65.81 -76.55,66.31 -74.67,66.76 -72.79,67.21 -71.60,67.21 -70.41,67.21 -69.33,67.23 -68.25,67.24 -66.03,67.23 -63.81,67.22 -61.85,67.09 -59.88,66.96 -58.56,66.55 -57.23,66.14 -55.15,65.84 -53.06,65.55 -51.88,65.08 -50.70,64.62 -49.66,64.32 -48.62,64.02 -47.32,63.34 -46.02,62.66 -44.68,62.19 -43.35,61.72 -42.22,61.41 -41.10,61.09 -39.96,60.33 -38.81,59.57 -37.61,58.80 -36.42,58.03 -35.23,57.08 -34.04,56.14 -32.71,54.80 -31.38,53.47 -30.18,51.90 -28.99,50.33 -27.82,48.60 -26.65,46.87 -25.35,44.98 -24.04,43.10 -22.87,40.96 -21.70,38.82 -20.58,36.58 -19.47,34.34 -18.69,32.47 -17.92,30.61 -17.25,29.07 -16.59,27.52 -15.94,25.88 -15.30,24.24 -14.77,23.09 -14.24,21.95 -13.83,20.60 -13.41,19.24 -12.98,18.03 -12.55,16.82 -11.55,14.97 -10.56,13.11 -10.13,11.59 -9.71,10.06 -9.02,8.59 -8.32,7.12 -7.79,5.82 -7.26,4.53 -6.48,2.81 -5.71,1.09 -4.48,0.00 -3.24,-1.08 -2.35,-1.64 -1.47,-2.20 -1.18,-2.34 -0.89,-2.49 -0.58,-2.56 -0.27,-2.63 0.04,-2.63 0.36,-2.62 0.67,-2.54 0.98,-2.46 1.26,-2.31 1.54,-2.15 1.77,-1.94 2.01,-1.72 2.19,-1.45 2.36,-1.19 2.47,-0.89 2.58,-0.59 2.61,-0.27 2.65,0.04 2.60,0.35 2.56,0.67 2.44,0.97 2.32,1.27 2.14,1.53 1.95,1.79 1.71,1.99 1.47,2.20 1.47,2.20 L 1.47,2.20 Z"/></g><g transform="translate(332.5476989746094 344.71929931640625) rotate(0 -0.760711669921875 -95.0906982421875)" stroke="none"><path fill="#1e1e1e" d="M 0.69,-2.07 Q 0.69,-2.07 2.01,-1.66 3.33,-1.26 5.07,-1.15 6.82,-1.05 8.05,-1.04 9.29,-1.02 10.56,-1.03 11.82,-1.03 13.10,-1.16 14.38,-1.29 16.08,-1.31 17.78,-1.34 19.41,-1.68 21.04,-2.02 23.13,-2.52 25.21,-3.02 27.33,-3.89 29.45,-4.75 32.22,-5.72 34.99,-6.68 37.36,-7.89 39.74,-9.11 42.08,-10.48 44.41,-11.86 47.14,-13.73 49.87,-15.60 52.46,-17.68 55.06,-19.76 57.53,-21.55 59.99,-23.34 62.79,-25.26 65.60,-27.19 68.08,-29.01 70.56,-30.83 72.91,-32.75 75.26,-34.67 77.43,-36.51 79.60,-38.34 81.38,-39.98 83.16,-41.62 84.78,-43.19 86.41,-44.75 87.58,-46.88 88.75,-49.01 89.71,-50.96 90.68,-52.92 91.36,-54.86 92.03,-56.79 92.46,-59.01 92.88,-61.23 93.06,-63.46 93.24,-65.68 93.32,-67.94 93.40,-70.20 93.29,-72.43 93.18,-74.65 92.99,-76.91 92.79,-79.17 92.43,-81.41 92.06,-83.64 91.75,-86.24 91.44,-88.84 91.03,-91.21 90.61,-93.58 90.00,-96.02 89.40,-98.46 88.70,-101.10 88.00,-103.75 87.27,-106.17 86.55,-108.59 85.80,-111.09 85.05,-113.59 84.16,-115.91 83.27,-118.24 81.75,-121.39 80.22,-124.53 79.37,-126.33 78.53,-128.13 77.49,-130.01 76.46,-131.89 75.18,-133.67 73.90,-135.44 72.46,-137.39 71.03,-139.33 69.57,-141.16 68.10,-142.99 66.57,-145.12 65.04,-147.25 63.54,-149.30 62.03,-151.36 60.79,-153.12 59.56,-154.88 58.53,-156.51 57.50,-158.15 56.39,-159.26 55.28,-160.38 54.25,-161.66 53.22,-162.95 52.21,-164.36 51.19,-165.77 50.11,-166.82 49.03,-167.86 47.91,-169.11 46.78,-170.36 45.83,-171.46 44.87,-172.56 43.71,-173.66 42.54,-174.77 41.31,-175.82 40.08,-176.88 38.97,-177.72 37.85,-178.57 36.59,-179.73 35.33,-180.88 34.08,-181.69 32.83,-182.49 31.43,-183.28 30.03,-184.07 28.75,-184.87 27.47,-185.66 26.41,-186.00 25.36,-186.34 24.18,-186.82 22.99,-187.30 21.15,-187.64 19.30,-187.98 18.04,-188.37 16.78,-188.75 14.85,-189.06 12.93,-189.37 11.84,-189.40 10.75,-189.43 7.74,-189.85 4.73,-190.26 2.38,-190.53 0.03,-190.80 -2.16,-190.98 -4.35,-191.15 -5.73,-191.12 -7.11,-191.09 -8.80,-191.24 -10.50,-191.39 -12.28,-191.49 -14.07,-191.59 -15.85,-191.64 -17.64,-191.69 -19.27,-191.68 -20.91,-191.68 -22.38,-191.52 -23.85,-191.36 -25.17,-190.90 -26.49,-190.44 -27.92,-190.03 -29.35,-189.62 -30.68,-189.07 -32.01,-188.51 -33.46,-187.85 -34.91,-187.19 -36.49,-186.29 -38.06,-185.39 -39.64,-184.41 -41.23,-183.43 -43.20,-182.56 -45.17,-181.68 -46.89,-180.57 -48.60,-179.46 -50.23,-178.26 -51.86,-177.05 -53.82,-175.92 -55.78,-174.79 -57.49,-173.26 -59.21,-171.73 -60.72,-170.42 -62.22,-169.12 -63.35,-167.86 -64.48,-166.60 -65.89,-165.18 -67.29,-163.77 -69.21,-161.75 -71.12,-159.73 -72.18,-158.51 -73.23,-157.29 -74.08,-156.29 -74.92,-155.28 -75.59,-154.12 -76.26,-152.96 -77.22,-151.72 -78.19,-150.47 -78.92,-149.22 -79.66,-147.98 -80.81,-146.46 -81.97,-144.95 -82.81,-143.55 -83.66,-142.15 -84.46,-140.68 -85.25,-139.21 -85.65,-137.86 -86.06,-136.50 -86.54,-135.08 -87.02,-133.66 -87.32,-132.31 -87.62,-130.95 -88.07,-129.41 -88.52,-127.86 -88.63,-126.78 -88.74,-125.70 -88.78,-124.41 -88.83,-123.13 -88.99,-121.71 -89.16,-120.30 -89.19,-119.23 -89.22,-118.16 -89.57,-116.60 -89.91,-115.04 -90.18,-113.75 -90.45,-112.46 -90.90,-110.85 -91.36,-109.23 -91.52,-107.86 -91.68,-106.48 -91.91,-104.92 -92.15,-103.35 -92.37,-101.22 -92.59,-99.09 -92.98,-97.12 -93.36,-95.15 -93.51,-93.46 -93.66,-91.76 -93.91,-89.80 -94.16,-87.85 -94.32,-85.78 -94.48,-83.71 -94.53,-81.81 -94.58,-79.90 -94.61,-77.92 -94.65,-75.95 -94.62,-74.23 -94.59,-72.52 -94.51,-71.20 -94.43,-69.89 -94.24,-68.56 -94.05,-67.23 -93.93,-65.84 -93.81,-64.45 -93.44,-62.64 -93.07,-60.83 -92.53,-59.13 -91.98,-57.44 -91.76,-56.39 -91.53,-55.34 -90.84,-53.22 -90.14,-51.10 -89.39,-49.50 -88.64,-47.89 -87.83,-46.16 -87.02,-44.42 -86.33,-42.88 -85.65,-41.33 -85.26,-40.16 -84.86,-38.99 -83.96,-37.54 -83.06,-36.10 -82.63,-34.96 -82.19,-33.83 -81.39,-32.67 -80.60,-31.51 -79.27,-30.08 -77.95,-28.65 -76.47,-27.13 -74.99,-25.61 -74.25,-24.85 -73.50,-24.09 -71.87,-22.85 -70.25,-21.61 -68.55,-20.71 -66.85,-19.80 -65.58,-19.03 -64.31,-18.26 -63.30,-17.65 -62.30,-17.04 -60.51,-16.24 -58.72,-15.44 -56.77,-14.70 -54.82,-13.95 -53.17,-13.61 -51.52,-13.28 -49.99,-12.86 -48.45,-12.43 -47.29,-12.13 -46.14,-11.83 -44.72,-11.37 -43.29,-10.90 -42.06,-10.58 -40.83,-10.26 -38.60,-9.75 -36.38,-9.25 -34.42,-8.97 -32.45,-8.69 -31.07,-8.63 -29.69,-8.58 -28.43,-8.20 -27.16,-7.83 -25.54,-7.57 -23.91,-7.30 -22.92,-6.84 -21.93,-6.37 -20.54,-6.15 -19.15,-5.92 -17.97,-5.44 -16.78,-4.97 -15.06,-4.19 -13.34,-3.41 -11.78,-2.65 -10.22,-1.89 -9.11,-1.58 -8.01,-1.27 -6.96,-0.69 -5.91,-0.10 -4.79,0.39 -3.67,0.89 -2.11,0.52 -0.55,0.15 0.94,0.15 2.43,0.15 3.95,0.15 5.47,0.15 6.95,0.13 8.44,0.10 10.17,0.10 11.89,0.09 12.45,0.18 13.00,0.27 13.49,0.53 13.99,0.79 14.37,1.20 14.75,1.61 14.99,2.11 15.22,2.62 15.28,3.18 15.35,3.73 15.22,4.28 15.10,4.82 14.82,5.30 14.53,5.78 14.10,6.14 13.68,6.51 13.16,6.71 12.64,6.92 12.08,6.95 11.52,6.98 10.98,6.83 10.44,6.68 9.98,6.37 9.52,6.05 9.18,5.61 8.84,5.16 8.66,4.63 8.49,4.10 8.49,3.54 8.49,2.99 8.66,2.46 8.84,1.93 9.18,1.48 9.52,1.04 9.98,0.72 10.44,0.41 10.98,0.26 11.52,0.11 12.08,0.14 12.64,0.17 13.16,0.38 13.68,0.58 14.10,0.95 14.53,1.31 14.82,1.79 15.11,2.27 15.23,2.81 15.35,3.36 15.28,3.91 15.22,4.47 14.99,4.98 14.75,5.48 14.37,5.89 13.99,6.30 13.49,6.56 13.00,6.82 12.45,6.91 11.89,7.00 11.89,7.00 11.89,7.00 10.17,6.99 8.44,6.99 6.95,6.96 5.46,6.94 3.95,6.94 2.43,6.94 0.92,6.94 -0.57,6.94 -2.01,6.92 -3.44,6.91 -4.60,6.81 -5.76,6.71 -6.76,6.33 -7.76,5.95 -9.63,5.22 -11.50,4.48 -13.02,3.72 -14.54,2.95 -16.04,2.21 -17.53,1.48 -18.98,0.85 -20.43,0.23 -21.48,0.02 -22.53,-0.17 -24.46,-0.88 -26.38,-1.59 -27.77,-1.89 -29.15,-2.20 -30.33,-2.51 -31.52,-2.81 -33.51,-3.15 -35.50,-3.49 -37.53,-4.01 -39.56,-4.54 -40.86,-4.71 -42.15,-4.89 -43.54,-5.21 -44.93,-5.54 -46.24,-5.91 -47.56,-6.27 -48.72,-6.56 -49.89,-6.86 -51.07,-7.13 -52.25,-7.41 -53.69,-7.62 -55.12,-7.82 -56.95,-8.59 -58.78,-9.37 -60.84,-10.21 -62.90,-11.06 -64.10,-11.57 -65.31,-12.08 -66.23,-12.65 -67.16,-13.22 -68.38,-13.86 -69.59,-14.50 -70.87,-15.11 -72.14,-15.73 -73.86,-16.94 -75.58,-18.15 -76.71,-18.94 -77.84,-19.74 -78.61,-20.50 -79.38,-21.26 -80.14,-22.02 -80.91,-22.78 -81.68,-23.55 -82.45,-24.32 -83.22,-25.11 -83.99,-25.90 -84.77,-26.75 -85.54,-27.60 -86.32,-28.62 -87.10,-29.64 -87.83,-31.31 -88.55,-32.97 -89.22,-34.35 -89.88,-35.73 -90.32,-37.01 -90.75,-38.29 -91.11,-39.37 -91.48,-40.45 -92.19,-42.19 -92.91,-43.93 -93.66,-45.67 -94.41,-47.41 -94.89,-48.57 -95.36,-49.73 -95.62,-50.79 -95.88,-51.85 -96.30,-53.11 -96.71,-54.36 -96.93,-56.14 -97.16,-57.92 -97.49,-59.94 -97.83,-61.96 -97.95,-63.11 -98.07,-64.25 -98.07,-65.54 -98.07,-66.83 -98.17,-68.36 -98.27,-69.90 -98.18,-71.21 -98.10,-72.53 -98.06,-74.25 -98.01,-75.97 -98.02,-77.97 -98.02,-79.96 -97.99,-81.91 -97.97,-83.86 -97.95,-86.05 -97.94,-88.25 -97.78,-90.16 -97.62,-92.07 -97.49,-93.97 -97.35,-95.87 -97.07,-97.57 -96.79,-99.27 -96.83,-101.65 -96.86,-104.03 -96.66,-105.52 -96.45,-107.02 -96.26,-108.74 -96.07,-110.45 -95.70,-111.99 -95.34,-113.52 -95.04,-114.85 -94.73,-116.18 -94.44,-117.34 -94.14,-118.50 -94.01,-119.72 -93.89,-120.94 -93.69,-122.17 -93.50,-123.40 -93.38,-124.90 -93.27,-126.40 -93.00,-127.75 -92.73,-129.11 -92.29,-130.55 -91.85,-132.00 -91.44,-133.56 -91.02,-135.12 -90.50,-136.45 -89.98,-137.78 -89.39,-139.45 -88.81,-141.13 -87.96,-142.68 -87.12,-144.23 -86.17,-145.81 -85.22,-147.38 -84.21,-148.77 -83.20,-150.16 -82.27,-151.62 -81.33,-153.07 -80.43,-154.08 -79.53,-155.08 -78.55,-156.46 -77.58,-157.84 -76.62,-158.71 -75.65,-159.57 -74.50,-160.68 -73.35,-161.79 -71.46,-163.90 -69.57,-166.00 -68.18,-167.41 -66.80,-168.83 -65.49,-170.12 -64.18,-171.41 -62.69,-172.66 -61.19,-173.92 -59.28,-175.67 -57.37,-177.42 -55.61,-178.53 -53.84,-179.63 -52.19,-180.95 -50.53,-182.26 -48.65,-183.63 -46.76,-185.01 -45.06,-185.88 -43.36,-186.74 -41.78,-187.80 -40.20,-188.86 -38.47,-190.00 -36.73,-191.14 -35.18,-191.85 -33.64,-192.57 -32.04,-193.19 -30.44,-193.82 -29.11,-194.12 -27.77,-194.43 -26.00,-194.96 -24.24,-195.49 -22.56,-195.61 -20.88,-195.74 -19.23,-195.71 -17.58,-195.68 -15.75,-195.67 -13.92,-195.66 -12.01,-195.63 -10.09,-195.60 -8.57,-195.44 -7.04,-195.28 -5.65,-195.20 -4.26,-195.13 -1.99,-195.19 0.26,-195.26 2.92,-195.27 5.58,-195.29 7.17,-195.10 8.76,-194.91 9.88,-194.86 11.00,-194.82 12.27,-194.75 13.55,-194.67 14.79,-194.49 16.03,-194.30 17.98,-193.62 19.92,-192.94 22.42,-192.26 24.91,-191.59 25.95,-191.07 26.99,-190.56 28.41,-189.94 29.84,-189.32 30.97,-188.54 32.10,-187.76 33.63,-186.90 35.16,-186.04 36.68,-185.03 38.21,-184.01 39.36,-182.94 40.51,-181.87 41.63,-180.92 42.75,-179.96 44.05,-178.83 45.34,-177.69 46.68,-176.40 48.03,-175.11 48.86,-173.99 49.69,-172.88 50.70,-171.66 51.71,-170.44 52.91,-169.12 54.12,-167.80 55.06,-166.38 55.99,-164.96 56.80,-163.71 57.61,-162.46 58.78,-161.03 59.94,-159.61 60.83,-158.00 61.72,-156.40 62.94,-154.66 64.16,-152.93 65.68,-150.86 67.20,-148.80 68.69,-146.73 70.18,-144.66 71.68,-142.80 73.19,-140.93 74.64,-138.98 76.09,-137.02 77.46,-135.12 78.84,-133.22 79.95,-131.24 81.06,-129.26 81.82,-127.47 82.58,-125.67 84.16,-122.43 85.73,-119.18 86.65,-116.76 87.56,-114.34 88.31,-111.85 89.06,-109.35 89.80,-106.89 90.54,-104.42 91.25,-101.76 91.95,-99.09 92.57,-96.56 93.20,-94.04 93.62,-91.60 94.05,-89.15 94.35,-86.61 94.65,-84.06 95.03,-81.73 95.41,-79.40 95.61,-77.09 95.80,-74.78 95.91,-72.44 96.03,-70.10 95.94,-67.79 95.86,-65.47 95.66,-63.10 95.46,-60.74 94.99,-58.33 94.52,-55.92 93.78,-53.84 93.04,-51.75 92.05,-49.73 91.05,-47.71 89.66,-45.29 88.27,-42.87 86.61,-41.27 84.96,-39.67 83.14,-37.99 81.32,-36.31 79.14,-34.45 76.96,-32.59 74.57,-30.62 72.17,-28.65 69.66,-26.79 67.15,-24.93 64.39,-23.01 61.63,-21.09 59.24,-19.32 56.85,-17.55 54.19,-15.38 51.54,-13.20 48.76,-11.24 45.99,-9.27 43.61,-7.78 41.23,-6.30 38.71,-4.91 36.18,-3.52 33.57,-2.47 30.96,-1.42 28.67,-0.28 26.38,0.84 24.26,1.61 22.14,2.38 20.06,2.96 17.98,3.55 16.43,3.64 14.88,3.73 13.32,3.88 11.77,4.03 10.46,4.00 9.16,3.97 7.80,3.91 6.43,3.86 5.30,3.71 4.18,3.57 3.04,3.29 1.91,3.01 0.61,2.54 -0.69,2.07 -0.92,1.95 -1.16,1.84 -1.37,1.67 -1.57,1.51 -1.73,1.30 -1.89,1.09 -1.99,0.85 -2.09,0.60 -2.13,0.34 -2.18,0.08 -2.16,-0.17 -2.13,-0.43 -2.05,-0.68 -1.97,-0.93 -1.83,-1.15 -1.69,-1.38 -1.50,-1.56 -1.31,-1.74 -1.08,-1.87 -0.85,-2.00 -0.60,-2.08 -0.35,-2.15 -0.08,-2.16 0.17,-2.17 0.43,-2.12 0.69,-2.07 0.69,-2.07 L 0.69,-2.07 Z"/></g><g transform="translate(242.78207397460938 54.12208557128906) rotate(0 5.3250732421875 -16.7359619140625)" stroke="none"><path fill="#1e1e1e" d="M -2.08,-1.38 Q -2.08,-1.38 -1.53,-2.27 -0.99,-3.15 -0.48,-4.65 0.01,-6.16 0.66,-8.06 1.32,-9.97 1.70,-12.49 2.08,-15.00 2.51,-16.40 2.94,-17.81 3.06,-18.94 3.19,-20.07 3.43,-21.57 3.68,-23.06 3.76,-24.31 3.84,-25.56 4.20,-27.81 4.56,-30.06 4.85,-31.15 5.13,-32.24 5.14,-32.87 5.15,-33.49 5.28,-33.83 5.40,-34.17 5.60,-34.47 5.80,-34.76 6.07,-35.01 6.34,-35.25 6.65,-35.42 6.97,-35.59 7.32,-35.68 7.67,-35.77 8.03,-35.77 8.39,-35.77 8.74,-35.69 9.09,-35.61 9.41,-35.44 9.73,-35.28 10.00,-35.04 10.27,-34.81 10.48,-34.51 10.68,-34.22 10.81,-33.89 10.95,-33.55 10.99,-33.19 11.04,-32.84 11.00,-32.48 10.96,-32.12 11.48,-29.98 12.01,-27.85 12.03,-26.70 12.05,-25.54 12.03,-24.17 12.01,-22.80 12.00,-21.50 11.98,-20.19 11.99,-19.05 11.99,-17.91 11.99,-16.70 11.98,-15.49 12.21,-13.58 12.44,-11.67 13.03,-8.83 13.61,-5.99 13.56,-5.51 13.51,-5.03 13.32,-4.59 13.12,-4.15 12.79,-3.80 12.47,-3.44 12.04,-3.21 11.62,-2.98 11.14,-2.89 10.67,-2.81 10.19,-2.88 9.72,-2.95 9.29,-3.17 8.86,-3.39 8.52,-3.74 8.18,-4.09 7.98,-4.52 7.77,-4.96 7.71,-5.43 7.65,-5.91 7.75,-6.39 7.85,-6.86 8.09,-7.27 8.33,-7.69 8.70,-8.01 9.06,-8.33 9.51,-8.51 9.95,-8.69 10.43,-8.73 10.91,-8.76 11.38,-8.64 11.85,-8.51 12.25,-8.25 12.65,-7.98 12.95,-7.60 13.25,-7.22 13.41,-6.77 13.57,-6.31 13.57,-5.83 13.58,-5.35 13.43,-4.89 13.28,-4.43 13.00,-4.04 12.71,-3.65 12.31,-3.38 11.92,-3.10 11.45,-2.97 10.99,-2.83 10.51,-2.85 10.03,-2.87 9.58,-3.04 9.13,-3.22 8.75,-3.52 8.38,-3.83 8.13,-4.24 7.87,-4.65 7.77,-5.12 7.66,-5.59 7.66,-5.59 7.66,-5.59 7.16,-7.62 6.66,-9.64 6.61,-11.27 6.57,-12.90 6.42,-14.19 6.26,-15.47 6.26,-16.69 6.25,-17.90 6.25,-19.03 6.25,-20.17 6.23,-21.47 6.21,-22.76 6.17,-24.09 6.13,-25.42 6.10,-26.50 6.08,-27.59 6.16,-28.98 6.24,-30.37 5.69,-31.93 5.15,-33.49 5.28,-33.83 5.40,-34.17 5.60,-34.47 5.80,-34.76 6.07,-35.01 6.34,-35.25 6.65,-35.42 6.97,-35.59 7.32,-35.68 7.67,-35.77 8.03,-35.77 8.39,-35.77 8.74,-35.69 9.09,-35.61 9.41,-35.44 9.73,-35.28 10.00,-35.04 10.27,-34.81 10.48,-34.51 10.68,-34.22 10.81,-33.89 10.95,-33.55 10.99,-33.19 11.04,-32.84 11.00,-32.48 10.96,-32.12 10.90,-31.69 10.84,-31.25 10.28,-29.74 9.73,-28.22 9.40,-26.72 9.06,-25.21 8.96,-23.75 8.86,-22.30 8.68,-20.87 8.49,-19.44 7.94,-16.81 7.40,-14.18 7.21,-12.75 7.02,-11.33 6.78,-9.67 6.54,-8.02 6.13,-6.93 5.71,-5.85 4.96,-4.21 4.20,-2.58 3.76,-1.46 3.32,-0.34 2.70,0.52 2.08,1.38 1.88,1.61 1.69,1.84 1.44,2.02 1.19,2.19 0.91,2.31 0.63,2.42 0.33,2.46 0.04,2.50 -0.25,2.47 -0.56,2.44 -0.84,2.33 -1.12,2.23 -1.37,2.06 -1.63,1.90 -1.83,1.67 -2.03,1.45 -2.18,1.19 -2.32,0.92 -2.40,0.63 -2.48,0.34 -2.48,0.03 -2.49,-0.26 -2.42,-0.55 -2.35,-0.85 -2.21,-1.12 -2.08,-1.38 -2.08,-1.38 L -2.08,-1.38 Z"/></g><g transform="translate(244.30355834960938 41.443328857421875) rotate(0 3.296478271484375 0)" stroke="none"><path fill="#1e1e1e" d="M 0,-2.33 Q 0,-2.33 1.45,-2.34 2.91,-2.35 4.36,-2.45 5.80,-2.55 6.11,-2.51 6.41,-2.48 6.70,-2.37 6.99,-2.26 7.24,-2.08 7.50,-1.91 7.70,-1.68 7.90,-1.45 8.05,-1.17 8.19,-0.90 8.26,-0.60 8.34,-0.30 8.34,0.00 8.34,0.30 8.26,0.60 8.19,0.90 8.05,1.17 7.90,1.45 7.70,1.68 7.49,1.91 7.24,2.08 6.99,2.26 6.70,2.37 6.41,2.48 6.11,2.51 5.80,2.55 4.13,2.47 2.46,2.38 2.08,2.32 1.70,2.25 1.36,2.07 1.02,1.89 0.75,1.61 0.49,1.33 0.33,0.98 0.16,0.63 0.12,0.25 0.08,-0.12 0.16,-0.50 0.25,-0.88 0.45,-1.21 0.64,-1.54 0.94,-1.79 1.23,-2.04 1.59,-2.18 1.95,-2.32 2.33,-2.34 2.72,-2.37 3.09,-2.26 3.46,-2.16 3.78,-1.94 4.10,-1.73 4.34,-1.42 4.57,-1.11 4.69,-0.75 4.82,-0.38 4.82,0.00 4.82,0.38 4.69,0.75 4.57,1.11 4.34,1.42 4.10,1.73 3.78,1.94 3.46,2.16 3.09,2.26 2.72,2.37 2.33,2.34 1.95,2.32 1.59,2.18 1.23,2.04 0.94,1.79 0.64,1.54 0.45,1.21 0.25,0.88 0.16,0.50 0.08,0.12 0.12,-0.25 0.16,-0.63 0.33,-0.98 0.49,-1.33 0.75,-1.61 1.02,-1.89 1.36,-2.07 1.70,-2.26 2.08,-2.32 2.46,-2.38 2.46,-2.38 2.46,-2.38 4.13,-2.47 5.80,-2.55 6.11,-2.51 6.41,-2.48 6.70,-2.37 6.99,-2.26 7.24,-2.08 7.49,-1.91 7.70,-1.68 7.90,-1.45 8.05,-1.17 8.19,-0.90 8.26,-0.60 8.34,-0.30 8.34,-0.00 8.34,0.30 8.26,0.60 8.19,0.90 8.05,1.17 7.90,1.45 7.70,1.68 7.50,1.91 7.24,2.08 6.99,2.26 6.70,2.37 6.41,2.48 6.11,2.51 5.80,2.55 4.36,2.45 2.91,2.35 1.45,2.34 0,2.33 -0.27,2.29 -0.55,2.26 -0.82,2.16 -1.08,2.06 -1.31,1.90 -1.54,1.74 -1.73,1.53 -1.91,1.32 -2.04,1.07 -2.17,0.82 -2.24,0.55 -2.31,0.28 -2.31,-0.00 -2.31,-0.28 -2.24,-0.55 -2.17,-0.82 -2.04,-1.07 -1.91,-1.32 -1.73,-1.53 -1.54,-1.74 -1.31,-1.90 -1.08,-2.06 -0.82,-2.16 -0.55,-2.26 -0.27,-2.29 0.00,-2.33 0.00,-2.33 L 0,-2.33 Z"/></g><g transform="translate(264.0823669433594 46.51483154296875) rotate(0 -0.253570556640625 6.085807800292969)" stroke="none"><path fill="#1e1e1e" d="M 2.64,0 Q 2.64,0 2.67,1.02 2.70,2.04 2.77,3.22 2.84,4.40 2.64,5.79 2.44,7.18 2.51,9.48 2.58,11.78 2.49,12.27 2.41,12.76 2.18,13.20 1.94,13.64 1.58,13.99 1.21,14.33 0.76,14.54 0.31,14.74 -0.18,14.80 -0.68,14.85 -1.17,14.74 -1.65,14.63 -2.08,14.37 -2.51,14.11 -2.83,13.73 -3.15,13.35 -3.34,12.89 -3.52,12.42 -3.54,11.92 -3.57,11.42 -3.43,10.94 -3.30,10.46 -3.02,10.05 -2.74,9.64 -2.34,9.34 -1.94,9.03 -1.46,8.88 -0.99,8.72 -0.49,8.72 0.00,8.72 0.47,8.88 0.94,9.04 1.34,9.35 1.74,9.65 2.02,10.07 2.30,10.48 2.43,10.96 2.56,11.44 2.53,11.94 2.50,12.44 2.32,12.90 2.13,13.37 1.80,13.75 1.48,14.13 1.05,14.38 0.62,14.64 0.13,14.75 -0.34,14.85 -0.84,14.80 -1.34,14.74 -1.79,14.53 -2.24,14.32 -2.60,13.97 -2.97,13.63 -3.20,13.19 -3.43,12.74 -3.51,12.25 -3.59,11.76 -3.59,11.76 -3.59,11.76 -3.49,9.15 -3.39,6.53 -3.11,5.46 -2.84,4.40 -2.77,3.22 -2.70,2.04 -2.67,1.02 -2.64,0 -2.61,-0.31 -2.57,-0.63 -2.45,-0.93 -2.34,-1.23 -2.16,-1.49 -1.98,-1.75 -1.74,-1.96 -1.50,-2.17 -1.22,-2.32 -0.93,-2.47 -0.62,-2.55 -0.31,-2.62 0.00,-2.62 0.31,-2.62 0.62,-2.55 0.93,-2.47 1.22,-2.32 1.50,-2.17 1.74,-1.96 1.98,-1.75 2.16,-1.49 2.34,-1.23 2.45,-0.93 2.57,-0.63 2.61,-0.31 2.64,0.00 2.64,0.00 L 2.64,0 Z"/></g><g transform="translate(464.9140319824219 175.3310546875) rotate(0 12.4251708984375 -16.482391357421875)" stroke="none"><path fill="#1e1e1e" d="M -2.36,-0.78 Q -2.36,-0.78 -1.93,-2.10 -1.50,-3.41 -0.77,-5.62 -0.04,-7.83 0.69,-9.83 1.43,-11.82 2.37,-14.14 3.32,-16.46 4.03,-17.66 4.74,-18.87 5.28,-20.09 5.82,-21.31 6.58,-22.62 7.35,-23.94 7.68,-24.95 8.02,-25.96 8.73,-27.27 9.44,-28.58 10.00,-29.54 10.56,-30.50 11.39,-32.07 12.22,-33.64 12.96,-34.61 13.71,-35.58 14.76,-35.93 15.82,-36.27 16.89,-36.07 17.97,-35.87 18.96,-35.02 19.94,-34.18 21.21,-32.33 22.48,-30.49 23.04,-29.25 23.60,-28.01 24.15,-26.47 24.69,-24.93 25.08,-23.28 25.46,-21.63 25.64,-20.09 25.82,-18.55 25.87,-17.00 25.92,-15.45 25.92,-13.92 25.92,-12.39 25.94,-11.17 25.97,-9.95 26.40,-7.72 26.84,-5.50 27.20,-3.25 27.56,-1.00 27.52,-0.56 27.49,-0.12 27.31,0.28 27.14,0.69 26.84,1.02 26.55,1.35 26.16,1.57 25.77,1.79 25.34,1.87 24.90,1.96 24.46,1.90 24.02,1.84 23.62,1.64 23.22,1.45 22.91,1.13 22.60,0.82 22.40,0.42 22.20,0.02 22.14,-0.41 22.08,-0.85 22.16,-1.28 22.25,-1.72 22.46,-2.10 22.68,-2.49 23.01,-2.79 23.34,-3.09 23.75,-3.26 24.16,-3.44 24.60,-3.47 25.04,-3.51 25.47,-3.40 25.90,-3.30 26.28,-3.06 26.65,-2.82 26.93,-2.47 27.21,-2.13 27.36,-1.71 27.52,-1.30 27.53,-0.85 27.54,-0.41 27.41,0.01 27.28,0.43 27.02,0.79 26.77,1.15 26.41,1.41 26.05,1.67 25.62,1.80 25.20,1.93 24.75,1.92 24.31,1.91 23.89,1.76 23.47,1.61 23.13,1.33 22.78,1.05 22.54,0.68 22.30,0.30 22.20,-0.12 22.09,-0.55 22.09,-0.55 22.09,-0.55 21.70,-3.67 21.30,-6.80 20.97,-8.33 20.65,-9.87 20.64,-11.08 20.64,-12.29 20.59,-13.74 20.53,-15.20 20.44,-16.55 20.35,-17.90 20.21,-19.07 20.06,-20.24 19.69,-21.53 19.31,-22.82 18.76,-24.08 18.20,-25.35 17.54,-26.58 16.88,-27.82 16.87,-29.10 16.86,-30.38 16.02,-29.02 15.18,-27.67 14.09,-25.92 13.00,-24.17 12.46,-22.72 11.92,-21.28 11.31,-20.26 10.71,-19.24 10.08,-17.70 9.46,-16.16 8.33,-14.20 7.21,-12.24 6.81,-10.93 6.41,-9.62 5.63,-7.81 4.84,-6.00 4.04,-3.91 3.25,-1.83 2.80,-0.52 2.36,0.78 2.23,1.06 2.10,1.33 1.91,1.56 1.72,1.79 1.48,1.97 1.24,2.15 0.97,2.27 0.69,2.39 0.39,2.44 0.10,2.49 -0.19,2.46 -0.49,2.44 -0.78,2.34 -1.06,2.25 -1.32,2.09 -1.57,1.93 -1.78,1.71 -1.99,1.49 -2.14,1.23 -2.29,0.97 -2.37,0.68 -2.46,0.40 -2.47,0.10 -2.48,-0.19 -2.42,-0.49 -2.36,-0.78 -2.36,-0.78 L -2.36,-0.78 Z"/></g><g transform="translate(465.9283142089844 154.03073120117188) rotate(0 3.550048828125 -0.5071563720703125)" stroke="none"><path fill="#1e1e1e" d="M -0.56,-2.27 Q -0.56,-2.27 0.58,-2.60 1.74,-2.93 2.80,-3.13 3.86,-3.33 4.69,-3.42 5.52,-3.52 5.83,-3.53 6.15,-3.53 6.46,-3.46 6.76,-3.39 7.04,-3.24 7.32,-3.10 7.56,-2.89 7.80,-2.69 7.98,-2.43 8.16,-2.17 8.28,-1.88 8.39,-1.59 8.43,-1.27 8.48,-0.96 8.44,-0.65 8.41,-0.33 8.30,-0.04 8.19,0.25 8.01,0.51 7.84,0.77 7.60,0.98 7.37,1.19 7.09,1.34 6.82,1.49 6.51,1.57 6.21,1.65 4.54,1.82 2.87,1.99 2.48,1.98 2.09,1.98 1.72,1.86 1.35,1.73 1.04,1.49 0.73,1.25 0.51,0.93 0.29,0.60 0.19,0.23 0.08,-0.14 0.11,-0.53 0.13,-0.92 0.28,-1.29 0.42,-1.65 0.68,-1.95 0.93,-2.24 1.27,-2.44 1.60,-2.64 1.99,-2.73 2.37,-2.81 2.76,-2.76 3.15,-2.72 3.50,-2.55 3.85,-2.39 4.14,-2.12 4.42,-1.85 4.60,-1.50 4.78,-1.16 4.85,-0.77 4.91,-0.38 4.84,-0.00 4.78,0.38 4.59,0.72 4.41,1.07 4.12,1.34 3.84,1.60 3.48,1.77 3.13,1.93 2.74,1.97 2.35,2.01 1.97,1.93 1.58,1.84 1.25,1.64 0.91,1.43 0.66,1.13 0.41,0.83 0.27,0.47 0.12,0.11 0.10,-0.27 0.09,-0.67 0.19,-1.04 0.30,-1.42 0.52,-1.74 0.74,-2.06 1.05,-2.30 1.37,-2.53 1.74,-2.66 2.11,-2.78 2.11,-2.78 2.11,-2.78 3.81,-3.15 5.52,-3.52 5.83,-3.53 6.15,-3.53 6.45,-3.46 6.76,-3.39 7.04,-3.24 7.32,-3.10 7.56,-2.89 7.80,-2.69 7.98,-2.43 8.16,-2.17 8.28,-1.88 8.39,-1.59 8.43,-1.27 8.48,-0.96 8.44,-0.65 8.41,-0.33 8.30,-0.04 8.19,0.25 8.01,0.51 7.84,0.77 7.60,0.98 7.37,1.19 7.09,1.34 6.82,1.49 6.51,1.57 6.21,1.65 4.56,1.71 2.91,1.76 1.74,2.02 0.56,2.27 0.28,2.31 0.00,2.34 -0.27,2.31 -0.55,2.28 -0.81,2.18 -1.08,2.08 -1.31,1.92 -1.55,1.76 -1.74,1.55 -1.92,1.34 -2.06,1.09 -2.19,0.84 -2.26,0.56 -2.33,0.29 -2.33,0.00 -2.33,-0.27 -2.26,-0.55 -2.19,-0.82 -2.06,-1.07 -1.93,-1.32 -1.75,-1.54 -1.56,-1.75 -1.33,-1.91 -1.09,-2.07 -0.83,-2.17 -0.56,-2.27 -0.56,-2.27 L -0.56,-2.27 Z"/></g><g transform="translate(495.3430480957031 163.66659545898438) rotate(0 2.282135009765625 14.453781127929688)" stroke="none"><path fill="#1e1e1e" d="M 0,-2.64 Q 0,-2.64 1.31,-2.64 2.62,-2.64 4.47,-2.70 6.33,-2.77 7.77,-2.78 9.22,-2.80 10.29,-2.17 11.37,-1.55 11.91,-0.39 12.45,0.77 12.57,2.21 12.69,3.65 12.45,4.83 12.21,6.01 10.89,7.52 9.57,9.03 8.68,10.32 7.79,11.60 6.78,12.35 5.77,13.10 4.37,14.23 2.97,15.37 1.31,16.57 -0.34,17.78 -1.18,18.92 -2.02,20.06 -1.85,21.28 -1.68,22.49 -0.93,23.60 -0.19,24.71 1.24,25.03 2.67,25.35 3.64,25.19 4.60,25.03 5.00,24.63 5.39,24.22 5.90,23.96 6.41,23.70 6.97,23.62 7.53,23.54 8.09,23.64 8.65,23.74 9.15,24.01 9.65,24.28 10.03,24.70 10.42,25.12 10.65,25.64 10.88,26.16 10.93,26.73 10.98,27.29 10.85,27.85 10.72,28.40 10.42,28.88 10.12,29.37 9.68,29.73 9.25,30.09 8.71,30.29 8.18,30.49 7.61,30.52 7.05,30.54 6.50,30.38 5.96,30.22 5.49,29.89 5.02,29.56 4.69,29.11 4.35,28.65 4.18,28.11 4.00,27.57 4.01,27.00 4.02,26.43 4.21,25.89 4.40,25.36 4.75,24.91 5.10,24.46 5.58,24.15 6.05,23.84 6.60,23.69 7.15,23.55 7.72,23.59 8.29,23.63 8.81,23.85 9.34,24.07 9.76,24.44 10.19,24.82 10.48,25.31 10.76,25.80 10.88,26.36 10.99,26.91 10.92,27.48 10.85,28.04 10.60,28.55 10.36,29.07 10.36,29.07 10.36,29.07 7.16,30.73 3.96,32.39 2.37,32.35 0.79,32.31 -0.29,32.10 -1.37,31.89 -2.82,31.02 -4.26,30.15 -5.08,29.29 -5.90,28.43 -6.66,27.58 -7.41,26.73 -7.93,25.17 -8.45,23.62 -8.41,22.07 -8.38,20.52 -8.25,19.46 -8.13,18.40 -7.65,17.30 -7.17,16.21 -6.13,15.01 -5.10,13.80 -3.78,12.84 -2.47,11.88 -0.94,10.63 0.57,9.38 2.30,7.96 4.02,6.55 5.23,5.35 6.45,4.15 6.50,2.97 6.56,1.80 7.58,2.30 8.61,2.80 7.47,2.78 6.33,2.77 4.47,2.70 2.62,2.64 1.31,2.64 0,2.64 -0.31,2.60 -0.63,2.56 -0.93,2.45 -1.22,2.33 -1.49,2.15 -1.75,1.97 -1.96,1.73 -2.17,1.50 -2.32,1.21 -2.47,0.93 -2.54,0.62 -2.62,0.31 -2.62,-0.00 -2.62,-0.31 -2.54,-0.62 -2.47,-0.93 -2.32,-1.21 -2.17,-1.50 -1.96,-1.73 -1.75,-1.97 -1.48,-2.15 -1.22,-2.33 -0.92,-2.45 -0.63,-2.56 -0.31,-2.60 0.00,-2.64 0.00,-2.64 L 0,-2.64 Z"/></g><g transform="translate(473.5355529785156 152.50927734375) rotate(0 10.90374755859375 2.0286102294921875)" stroke="none"><path fill="#1e1e1e" d="M 0.32,-2.63 Q 0.32,-2.63 1.49,-2.50 2.66,-2.37 4.54,-2.18 6.43,-1.99 7.64,-1.97 8.85,-1.95 10.77,-1.58 12.69,-1.21 14.42,-0.97 16.15,-0.73 17.36,-0.27 18.56,0.18 20.30,0.58 22.03,0.98 22.50,1.15 22.97,1.31 23.36,1.62 23.75,1.92 24.02,2.34 24.29,2.75 24.41,3.23 24.54,3.71 24.50,4.21 24.47,4.70 24.28,5.16 24.09,5.62 23.76,5.99 23.43,6.36 23.00,6.61 22.57,6.86 22.09,6.96 21.60,7.06 21.11,7.00 20.62,6.93 20.17,6.72 19.73,6.50 19.37,6.16 19.02,5.81 18.79,5.37 18.57,4.93 18.49,4.43 18.42,3.94 18.51,3.46 18.60,2.97 18.84,2.53 19.08,2.10 19.44,1.77 19.81,1.43 20.26,1.23 20.72,1.03 21.21,0.98 21.70,0.94 22.19,1.05 22.67,1.17 23.09,1.43 23.51,1.69 23.82,2.08 24.14,2.46 24.31,2.92 24.49,3.39 24.51,3.88 24.53,4.38 24.39,4.85 24.25,5.33 23.96,5.73 23.68,6.14 23.28,6.43 22.88,6.73 22.40,6.88 21.93,7.03 21.44,7.02 20.94,7.01 20.94,7.01 20.94,7.01 17.99,6.11 15.05,5.21 14.00,5.03 12.95,4.85 10.76,4.37 8.56,3.89 6.93,3.70 5.30,3.51 3.65,3.23 2.00,2.95 0.83,2.79 -0.32,2.63 -0.63,2.55 -0.94,2.47 -1.23,2.32 -1.51,2.17 -1.75,1.96 -1.99,1.75 -2.17,1.48 -2.35,1.22 -2.46,0.92 -2.57,0.62 -2.61,0.30 -2.65,-0.00 -2.61,-0.32 -2.57,-0.64 -2.45,-0.94 -2.34,-1.24 -2.16,-1.50 -1.97,-1.76 -1.73,-1.97 -1.49,-2.18 -1.21,-2.33 -0.93,-2.48 -0.62,-2.55 -0.31,-2.63 0.00,-2.63 0.32,-2.63 0.32,-2.63 L 0.32,-2.63 Z"/></g><g transform="translate(326.4618835449219 335.08343505859375) rotate(0 6.085845947265625 -11.91802978515625)" stroke="none"><path fill="#1e1e1e" d="M -2.19,-1.46 Q -2.19,-1.46 -1.65,-2.32 -1.10,-3.18 -1.00,-4.63 -0.89,-6.08 -0.52,-8.13 -0.15,-10.17 0.10,-11.91 0.37,-13.65 0.82,-14.85 1.28,-16.04 2.04,-17.79 2.80,-19.53 3.54,-21.11 4.29,-22.68 4.49,-23.35 4.70,-24.02 4.80,-24.39 4.91,-24.76 5.10,-25.09 5.29,-25.42 5.56,-25.70 5.82,-25.98 6.14,-26.19 6.47,-26.39 6.83,-26.52 7.19,-26.64 7.58,-26.67 7.96,-26.70 8.34,-26.64 8.72,-26.58 9.07,-26.44 9.42,-26.29 9.73,-26.06 10.04,-25.83 10.28,-25.53 10.53,-25.24 10.70,-24.89 10.86,-24.54 10.94,-24.17 11.02,-23.79 11.00,-23.41 10.99,-23.03 11.74,-21.43 12.49,-19.84 12.60,-18.65 12.70,-17.47 12.72,-16.23 12.74,-14.98 12.74,-13.91 12.74,-12.83 13.15,-10.96 13.55,-9.09 13.61,-7.94 13.66,-6.79 14.36,-4.27 15.06,-1.74 15.14,-1.24 15.22,-0.74 15.13,-0.24 15.05,0.25 14.81,0.70 14.57,1.15 14.19,1.49 13.82,1.84 13.36,2.05 12.90,2.26 12.39,2.31 11.89,2.36 11.39,2.25 10.90,2.13 10.46,1.87 10.03,1.60 9.70,1.21 9.38,0.82 9.19,0.35 9.01,-0.11 8.99,-0.62 8.96,-1.13 9.10,-1.62 9.24,-2.10 9.53,-2.52 9.82,-2.94 10.22,-3.25 10.63,-3.55 11.11,-3.71 11.60,-3.87 12.10,-3.86 12.61,-3.86 13.09,-3.69 13.57,-3.53 13.97,-3.22 14.38,-2.91 14.66,-2.48 14.94,-2.06 15.07,-1.57 15.20,-1.08 15.17,-0.57 15.14,-0.06 14.95,0.40 14.76,0.87 14.43,1.25 14.09,1.64 13.66,1.89 13.22,2.15 12.72,2.26 12.23,2.36 11.72,2.30 11.22,2.24 10.76,2.03 10.30,1.81 9.93,1.46 9.57,1.11 9.33,0.66 9.10,0.21 9.10,0.21 9.10,0.21 8.47,-2.03 7.84,-4.27 7.66,-5.37 7.47,-6.46 7.34,-8.22 7.22,-9.97 6.84,-11.31 6.47,-12.65 6.44,-13.71 6.41,-14.78 6.29,-16.65 6.17,-18.51 5.61,-20.17 5.06,-21.83 4.88,-22.93 4.70,-24.02 4.80,-24.39 4.91,-24.76 5.10,-25.09 5.29,-25.42 5.56,-25.70 5.82,-25.98 6.14,-26.19 6.47,-26.39 6.83,-26.52 7.19,-26.64 7.58,-26.67 7.96,-26.70 8.34,-26.64 8.72,-26.58 9.07,-26.44 9.42,-26.29 9.73,-26.06 10.04,-25.83 10.28,-25.53 10.53,-25.24 10.69,-24.89 10.86,-24.54 10.94,-24.17 11.02,-23.79 11.00,-23.41 10.99,-23.03 10.74,-22.70 10.50,-22.38 10.07,-21.03 9.65,-19.68 8.88,-18.18 8.12,-16.68 7.42,-15.21 6.73,-13.75 6.23,-12.11 5.74,-10.48 5.27,-8.85 4.80,-7.22 4.56,-5.28 4.32,-3.35 3.88,-1.83 3.43,-0.31 2.81,0.57 2.19,1.46 1.99,1.70 1.78,1.95 1.52,2.13 1.26,2.32 0.96,2.43 0.67,2.55 0.35,2.59 0.04,2.64 -0.27,2.60 -0.59,2.57 -0.89,2.46 -1.19,2.36 -1.45,2.18 -1.72,2.00 -1.93,1.77 -2.15,1.53 -2.30,1.25 -2.45,0.97 -2.53,0.66 -2.61,0.36 -2.62,0.04 -2.62,-0.27 -2.55,-0.58 -2.48,-0.89 -2.34,-1.18 -2.19,-1.46 -2.19,-1.46 L -2.19,-1.46 Z"/></g><g transform="translate(325.9547424316406 325.9547424316406) rotate(0 6.59295654296875 -1.26788330078125)" stroke="none"><path fill="#1e1e1e" d="M 0,-2.62 Q 0,-2.62 1.45,-2.60 2.91,-2.58 4.83,-2.65 6.74,-2.71 8.14,-3.17 9.53,-3.63 10.55,-4.27 11.57,-4.91 12.00,-5.08 12.44,-5.25 12.90,-5.27 13.36,-5.29 13.81,-5.17 14.26,-5.04 14.64,-4.78 15.02,-4.51 15.30,-4.14 15.58,-3.77 15.72,-3.33 15.87,-2.89 15.87,-2.42 15.86,-1.96 15.71,-1.52 15.56,-1.08 15.28,-0.71 14.99,-0.34 14.61,-0.09 14.22,0.16 13.77,0.28 13.32,0.40 12.86,0.37 12.40,0.35 11.96,0.17 11.53,0.00 11.18,-0.30 10.83,-0.60 10.59,-1.00 10.36,-1.40 10.26,-1.86 10.17,-2.31 10.22,-2.77 10.27,-3.23 10.47,-3.65 10.67,-4.07 10.99,-4.41 11.31,-4.74 11.73,-4.96 12.14,-5.17 12.60,-5.24 13.05,-5.31 13.51,-5.24 13.97,-5.16 14.38,-4.94 14.79,-4.72 15.10,-4.38 15.42,-4.04 15.61,-3.61 15.80,-3.19 15.85,-2.73 15.90,-2.27 15.80,-1.81 15.69,-1.36 15.45,-0.96 15.21,-0.57 14.85,-0.27 14.49,0.02 14.49,0.02 14.49,0.02 11.93,1.03 9.36,2.04 8.11,2.37 6.85,2.71 4.88,2.65 2.91,2.58 1.45,2.60 0,2.62 -0.31,2.58 -0.62,2.54 -0.92,2.43 -1.21,2.32 -1.48,2.14 -1.74,1.96 -1.95,1.72 -2.16,1.49 -2.30,1.21 -2.45,0.93 -2.52,0.62 -2.60,0.31 -2.60,-0.00 -2.60,-0.31 -2.52,-0.62 -2.45,-0.93 -2.30,-1.21 -2.15,-1.49 -1.95,-1.72 -1.74,-1.96 -1.47,-2.14 -1.21,-2.32 -0.92,-2.43 -0.62,-2.54 -0.31,-2.58 0.00,-2.62 0.00,-2.62 L 0,-2.62 Z"/></g><g transform="translate(355.3695373535156 319.36181640625) rotate(0 3.04290771484375 10.396575927734375)" stroke="none"><path fill="#1e1e1e" d="M 0.83,2.49 Q 0.83,2.49 -0.03,2.82 -0.90,3.15 -2.09,3.50 -3.29,3.86 -3.82,3.78 -4.35,3.69 -4.55,4.00 -4.75,4.30 -5.02,4.55 -5.29,4.80 -5.61,4.98 -5.93,5.16 -6.29,5.25 -6.64,5.35 -7.01,5.36 -7.37,5.37 -7.73,5.29 -8.09,5.21 -8.42,5.04 -8.75,4.88 -9.03,4.64 -9.31,4.41 -9.52,4.11 -9.74,3.81 -9.88,3.47 -10.01,3.13 -10.07,2.77 -10.12,2.41 -10.08,2.04 -10.05,1.68 -9.92,1.33 -9.80,0.98 -7.87,0.23 -5.93,-0.52 -4.82,-0.55 -3.71,-0.58 -2.08,-0.71 -0.46,-0.84 1.36,-0.95 3.20,-1.06 4.57,-1.50 5.94,-1.93 7.36,-2.05 8.78,-2.18 10.04,-2.22 11.31,-2.26 13.51,-1.59 15.71,-0.92 16.29,0.16 16.86,1.24 16.98,2.66 17.11,4.08 16.83,5.14 16.56,6.21 15.81,7.17 15.06,8.12 14.24,8.99 13.42,9.86 12.38,10.63 11.33,11.40 10.31,11.84 9.29,12.28 8.16,12.57 7.03,12.86 5.60,13.20 4.16,13.54 2.86,13.61 1.55,13.68 1.06,13.69 0.57,13.70 0.15,13.65 -0.27,13.60 -0.67,13.45 -1.07,13.30 -1.43,13.06 -1.78,12.82 -2.07,12.49 -2.36,12.17 -2.56,11.79 -2.76,11.42 -2.86,11.00 -2.97,10.58 -2.97,10.15 -2.97,9.72 -2.87,9.30 -2.77,8.89 -2.57,8.51 -2.37,8.12 -2.09,7.80 -1.81,7.48 -1.45,7.23 -1.10,6.99 -0.70,6.83 -0.30,6.68 0.12,6.63 0.54,6.57 2.10,6.81 3.66,7.05 4.86,8.12 6.06,9.19 7.20,10.34 8.33,11.49 8.11,13.53 7.89,15.58 6.85,16.65 5.81,17.73 5.08,18.54 4.35,19.35 3.59,20.11 2.84,20.86 1.92,21.72 1.01,22.58 -0.29,23.28 -1.61,23.97 -3.79,24.18 -5.97,24.39 -6.55,24.33 -7.13,24.26 -7.66,24.01 -8.19,23.75 -8.62,23.35 -9.04,22.94 -9.31,22.42 -9.58,21.90 -9.67,21.32 -9.76,20.74 -9.66,20.16 -9.56,19.58 -9.28,19.06 -9.00,18.54 -8.57,18.14 -8.14,17.74 -7.61,17.50 -7.07,17.26 -6.49,17.20 -5.90,17.14 -5.33,17.27 -4.76,17.41 -4.26,17.71 -3.76,18.02 -3.38,18.47 -3.00,18.92 -2.79,19.47 -2.58,20.02 -2.55,20.60 -2.52,21.19 -2.69,21.76 -2.85,22.32 -3.18,22.80 -3.52,23.29 -3.99,23.64 -4.46,23.99 -5.02,24.17 -5.58,24.36 -6.16,24.35 -6.75,24.35 -7.31,24.15 -7.86,23.96 -8.32,23.60 -8.79,23.24 -9.11,22.75 -9.44,22.26 -9.59,21.70 -9.74,21.13 -9.71,20.54 -9.67,19.96 -9.45,19.41 -9.23,18.87 -8.84,18.42 -8.46,17.98 -7.95,17.68 -7.44,17.38 -6.87,17.26 -6.29,17.14 -6.30,17.14 -6.30,17.14 -4.59,16.77 -2.87,16.40 -2.11,15.63 -1.34,14.86 0.12,13.72 1.59,12.58 2.15,13.70 2.72,14.82 1.64,14.26 0.57,13.70 0.15,13.65 -0.27,13.60 -0.67,13.45 -1.07,13.30 -1.43,13.06 -1.78,12.82 -2.07,12.50 -2.36,12.17 -2.56,11.80 -2.76,11.42 -2.86,11.00 -2.97,10.58 -2.97,10.15 -2.97,9.72 -2.87,9.30 -2.77,8.89 -2.57,8.51 -2.37,8.12 -2.09,7.80 -1.81,7.48 -1.45,7.23 -1.10,6.99 -0.70,6.83 -0.30,6.68 0.12,6.63 0.54,6.57 1.00,6.58 1.45,6.58 2.82,6.53 4.18,6.48 5.65,6.18 7.11,5.87 8.10,5.12 9.10,4.37 10.23,4.34 11.36,4.30 9.79,4.29 8.22,4.29 7.13,4.35 6.05,4.41 4.78,4.80 3.51,5.20 1.94,5.26 0.36,5.32 -1.70,5.47 -3.78,5.62 -5.43,5.53 -7.08,5.43 -5.71,4.56 -4.35,3.69 -4.55,4.00 -4.75,4.30 -5.02,4.55 -5.29,4.80 -5.61,4.98 -5.93,5.16 -6.29,5.25 -6.64,5.35 -7.01,5.36 -7.37,5.37 -7.73,5.29 -8.09,5.21 -8.42,5.05 -8.75,4.88 -9.03,4.64 -9.31,4.41 -9.52,4.11 -9.74,3.81 -9.88,3.47 -10.01,3.13 -10.07,2.77 -10.12,2.41 -10.08,2.04 -10.05,1.68 -9.92,1.33 -9.80,0.99 -8.63,0.14 -7.45,-0.70 -6.43,-1.06 -5.40,-1.41 -4.00,-1.69 -2.59,-1.98 -1.71,-2.24 -0.83,-2.49 -0.52,-2.56 -0.21,-2.62 0.10,-2.61 0.42,-2.60 0.72,-2.51 1.03,-2.42 1.30,-2.26 1.58,-2.10 1.81,-1.88 2.04,-1.66 2.21,-1.39 2.38,-1.12 2.48,-0.82 2.58,-0.52 2.60,-0.20 2.63,0.10 2.58,0.42 2.53,0.73 2.40,1.02 2.28,1.31 2.09,1.57 1.89,1.82 1.65,2.02 1.40,2.22 1.12,2.36 0.83,2.49 0.83,2.49 L 0.83,2.49 Z"/></g><g transform="translate(95.20126342773438 240.24630737304688) rotate(0 9.889434814453125 -12.932327270507812)" stroke="none"><path fill="#1e1e1e" d="M -1.57,-1.57 Q -1.57,-1.57 -0.04,-2.95 1.48,-4.34 2.48,-5.50 3.47,-6.66 4.06,-7.87 4.66,-9.08 5.40,-10.53 6.14,-11.98 6.89,-13.47 7.65,-14.96 8.41,-16.37 9.18,-17.78 9.92,-19.21 10.67,-20.64 11.44,-21.93 12.22,-23.23 12.56,-24.29 12.90,-25.35 13.62,-26.58 14.34,-27.80 15.26,-28.66 16.18,-29.53 17.03,-30.40 17.88,-31.27 17.64,-31.09 17.40,-30.90 17.61,-31.15 17.82,-31.39 18.09,-31.58 18.35,-31.76 18.65,-31.88 18.96,-31.99 19.28,-32.04 19.60,-32.08 19.92,-32.04 20.24,-32.00 20.54,-31.89 20.85,-31.78 21.11,-31.60 21.38,-31.41 21.60,-31.17 21.81,-30.93 21.97,-30.65 22.12,-30.36 22.20,-30.05 22.28,-29.73 22.28,-29.41 22.28,-29.09 22.21,-28.77 22.13,-28.46 21.98,-28.17 21.83,-27.88 22.18,-25.80 22.53,-23.72 22.39,-22.41 22.25,-21.10 22.18,-19.86 22.11,-18.61 22.08,-17.34 22.04,-16.06 21.69,-14.39 21.33,-12.71 21.05,-11.49 20.78,-10.28 20.34,-8.92 19.89,-7.57 19.58,-5.83 19.27,-4.08 18.81,-3.03 18.36,-1.98 18.05,-0.73 17.73,0.50 16.95,2.65 16.17,4.80 15.92,5.22 15.67,5.65 15.30,5.98 14.93,6.30 14.47,6.49 14.02,6.69 13.52,6.72 13.03,6.76 12.55,6.63 12.07,6.51 11.66,6.24 11.25,5.96 10.94,5.58 10.63,5.19 10.47,4.72 10.30,4.26 10.29,3.76 10.29,3.27 10.44,2.80 10.59,2.33 10.88,1.93 11.17,1.53 11.58,1.24 11.98,0.96 12.46,0.82 12.93,0.68 13.42,0.70 13.92,0.72 14.38,0.89 14.84,1.07 15.22,1.38 15.61,1.70 15.87,2.11 16.13,2.53 16.24,3.02 16.36,3.50 16.31,3.99 16.27,4.48 16.07,4.93 15.87,5.39 15.53,5.75 15.20,6.11 14.77,6.35 14.33,6.59 13.85,6.68 13.36,6.77 12.87,6.70 12.38,6.62 11.94,6.40 11.50,6.17 11.15,5.82 10.81,5.47 10.59,5.02 10.38,4.58 10.32,4.09 10.26,3.60 10.35,3.11 10.45,2.63 10.45,2.63 10.45,2.63 11.53,0.18 12.60,-2.27 12.90,-3.35 13.19,-4.43 13.74,-5.70 14.28,-6.98 14.53,-8.12 14.77,-9.26 15.15,-10.37 15.52,-11.49 15.80,-12.66 16.07,-13.82 16.32,-15.00 16.56,-16.19 16.58,-17.52 16.60,-18.86 16.80,-21.28 16.99,-23.69 16.98,-25.86 16.98,-28.02 17.19,-29.46 17.40,-30.90 17.61,-31.15 17.82,-31.39 18.09,-31.58 18.35,-31.76 18.65,-31.88 18.96,-31.99 19.28,-32.04 19.60,-32.08 19.92,-32.04 20.24,-32.00 20.54,-31.89 20.85,-31.78 21.11,-31.60 21.38,-31.41 21.60,-31.17 21.81,-30.93 21.97,-30.65 22.12,-30.36 22.20,-30.05 22.28,-29.73 22.28,-29.41 22.28,-29.09 22.21,-28.77 22.13,-28.46 21.98,-28.17 21.83,-27.88 21.38,-27.68 20.93,-27.47 20.09,-26.55 19.25,-25.62 18.20,-24.67 17.15,-23.72 16.55,-22.30 15.95,-20.88 15.21,-19.77 14.46,-18.66 13.69,-17.18 12.91,-15.70 12.16,-14.38 11.40,-13.06 10.64,-11.56 9.88,-10.05 9.12,-8.58 8.36,-7.10 7.47,-5.53 6.58,-3.97 5.46,-2.73 4.34,-1.49 2.95,0.04 1.57,1.57 1.35,1.73 1.14,1.90 0.90,2.01 0.66,2.12 0.39,2.16 0.13,2.21 -0.13,2.20 -0.40,2.18 -0.65,2.10 -0.91,2.02 -1.14,1.88 -1.36,1.74 -1.55,1.55 -1.74,1.36 -1.88,1.14 -2.02,0.91 -2.10,0.65 -2.18,0.40 -2.20,0.13 -2.21,-0.13 -2.16,-0.39 -2.12,-0.66 -2.01,-0.90 -1.90,-1.14 -1.73,-1.36 -1.57,-1.57 -1.57,-1.57 L -1.57,-1.57 Z"/></g><g transform="translate(88.60830688476562 228.58184814453125) rotate(0 11.918060302734375 0.50714111328125)" stroke="none"><path fill="#1e1e1e" d="M 0,-2.66 Q 0,-2.66 1.16,-2.67 2.33,-2.69 4.10,-2.75 5.86,-2.81 6.95,-2.82 8.03,-2.84 9.75,-2.88 11.46,-2.93 12.85,-3.37 14.24,-3.81 15.33,-3.97 16.42,-4.13 18.34,-3.96 20.25,-3.80 21.28,-3.15 22.31,-2.50 23.59,-1.80 24.86,-1.11 25.31,-0.82 25.76,-0.54 26.10,-0.12 26.43,0.28 26.62,0.78 26.80,1.28 26.82,1.81 26.84,2.35 26.68,2.86 26.53,3.37 26.22,3.80 25.91,4.24 25.48,4.55 25.04,4.86 24.53,5.02 24.02,5.18 23.49,5.16 22.96,5.15 22.46,4.97 21.96,4.79 21.54,4.45 21.12,4.12 20.84,3.67 20.55,3.22 20.42,2.71 20.29,2.19 20.33,1.66 20.37,1.13 20.58,0.64 20.79,0.15 21.14,-0.24 21.50,-0.64 21.96,-0.90 22.42,-1.17 22.95,-1.27 23.47,-1.37 24.00,-1.30 24.53,-1.23 25.01,-1.00 25.48,-0.76 25.86,-0.38 26.24,-0.01 26.48,0.46 26.72,0.94 26.79,1.46 26.86,1.99 26.77,2.52 26.67,3.04 26.41,3.50 26.14,3.97 25.75,4.33 25.35,4.68 24.86,4.90 24.37,5.11 23.84,5.15 23.31,5.20 22.79,5.07 22.28,4.94 22.28,4.94 22.28,4.94 20.20,3.57 18.13,2.21 16.83,2.11 15.53,2.02 13.50,2.47 11.46,2.93 9.75,2.88 8.03,2.84 6.95,2.82 5.86,2.81 4.10,2.75 2.33,2.69 1.16,2.67 0,2.66 -0.31,2.62 -0.63,2.58 -0.93,2.47 -1.23,2.35 -1.50,2.17 -1.76,1.99 -1.97,1.75 -2.19,1.51 -2.34,1.22 -2.49,0.94 -2.56,0.63 -2.64,0.32 -2.64,-0.00 -2.64,-0.32 -2.56,-0.63 -2.49,-0.94 -2.34,-1.22 -2.19,-1.51 -1.97,-1.75 -1.76,-1.99 -1.50,-2.17 -1.23,-2.35 -0.93,-2.47 -0.63,-2.58 -0.31,-2.62 0.00,-2.66 0.00,-2.66 L 0,-2.66 Z"/></g><g transform="translate(142.36630249023438 227.56753540039062) rotate(0 14.707366943359375 19.271743774414062)" stroke="none"><path fill="#1e1e1e" d="M 2.46,-1.05 Q 2.46,-1.05 2.91,-0.03 3.37,0.98 3.66,2.09 3.96,3.20 4.24,4.46 4.52,5.73 5.30,7.18 6.08,8.64 6.74,9.50 7.41,10.35 8.22,11.22 9.04,12.09 9.65,13.08 10.26,14.07 11.12,14.76 11.98,15.45 13.09,16.35 14.21,17.26 15.14,16.56 16.07,15.86 17.33,14.69 18.59,13.52 20.03,12.22 21.46,10.91 22.38,9.79 23.31,8.67 24.15,7.75 25.00,6.83 25.40,6.29 25.80,5.74 25.92,5.35 26.04,4.96 26.26,4.61 26.47,4.26 26.76,3.97 27.05,3.68 27.40,3.47 27.75,3.26 28.14,3.13 28.53,3.01 28.94,2.99 29.35,2.96 29.75,3.03 30.15,3.11 30.53,3.28 30.90,3.44 31.22,3.70 31.55,3.95 31.80,4.27 32.05,4.59 32.22,4.97 32.39,5.34 32.46,5.74 32.54,6.15 32.51,6.55 32.49,6.96 32.47,8.71 32.46,10.45 32.18,12.58 31.90,14.71 31.45,16.09 31.00,17.47 30.68,18.70 30.35,19.93 29.84,21.47 29.33,23.00 28.97,24.39 28.62,25.78 28.13,27.16 27.64,28.55 27.33,29.68 27.02,30.81 26.91,32.51 26.79,34.20 26.77,36.24 26.74,38.28 26.66,38.74 26.58,39.21 26.36,39.62 26.13,40.03 25.79,40.35 25.44,40.67 25.01,40.87 24.58,41.06 24.12,41.11 23.65,41.15 23.19,41.05 22.73,40.94 22.33,40.69 21.93,40.45 21.63,40.09 21.33,39.72 21.16,39.29 20.99,38.85 20.97,38.38 20.95,37.91 21.08,37.45 21.21,37.00 21.47,36.61 21.74,36.23 22.12,35.95 22.50,35.67 22.94,35.52 23.39,35.37 23.86,35.38 24.33,35.38 24.78,35.54 25.22,35.69 25.59,35.98 25.97,36.27 26.23,36.66 26.49,37.05 26.61,37.51 26.73,37.96 26.70,38.43 26.67,38.90 26.49,39.34 26.31,39.77 26.00,40.13 25.69,40.49 25.29,40.72 24.88,40.96 24.42,41.06 23.96,41.16 23.49,41.10 23.03,41.04 22.60,40.84 22.18,40.64 21.84,40.31 21.50,39.99 21.28,39.57 21.07,39.15 21.00,38.68 20.92,38.22 20.92,38.22 20.92,38.22 20.99,36.04 21.05,33.85 21.14,32.74 21.22,31.63 21.42,30.51 21.61,29.39 21.96,28.03 22.31,26.67 22.68,25.62 23.05,24.57 23.34,22.96 23.63,21.36 23.95,19.98 24.28,18.60 24.56,17.08 24.84,15.56 25.24,13.74 25.65,11.91 25.80,10.17 25.95,8.42 25.88,7.08 25.80,5.74 25.92,5.35 26.04,4.96 26.26,4.61 26.47,4.26 26.76,3.97 27.05,3.68 27.40,3.47 27.75,3.26 28.14,3.13 28.53,3.01 28.94,2.99 29.35,2.96 29.75,3.03 30.15,3.11 30.53,3.28 30.90,3.44 31.22,3.70 31.55,3.95 31.80,4.27 32.05,4.59 32.22,4.97 32.39,5.34 32.46,5.74 32.54,6.14 32.51,6.55 32.49,6.96 32.22,7.29 31.96,7.63 31.30,9.10 30.64,10.57 29.86,11.34 29.08,12.11 28.27,12.96 27.46,13.81 26.73,14.70 25.99,15.59 25.22,16.37 24.44,17.14 23.02,18.41 21.60,19.67 20.52,20.72 19.43,21.77 18.48,22.27 17.52,22.78 16.02,23.19 14.51,23.59 13.27,23.42 12.03,23.25 10.31,22.14 8.60,21.03 7.40,19.95 6.19,18.86 5.47,18.06 4.76,17.26 3.85,16.02 2.94,14.79 2.31,13.69 1.68,12.60 0.92,10.92 0.16,9.25 -0.62,7.35 -1.42,5.44 -1.52,4.27 -1.62,3.10 -2.04,2.07 -2.46,1.05 -2.55,0.74 -2.64,0.43 -2.65,0.11 -2.66,-0.20 -2.60,-0.52 -2.54,-0.84 -2.40,-1.13 -2.26,-1.42 -2.06,-1.67 -1.85,-1.92 -1.60,-2.12 -1.34,-2.31 -1.04,-2.44 -0.74,-2.56 -0.43,-2.62 -0.11,-2.67 0.20,-2.64 0.53,-2.62 0.83,-2.52 1.14,-2.42 1.41,-2.24 1.68,-2.07 1.91,-1.84 2.13,-1.61 2.29,-1.33 2.46,-1.05 2.46,-1.05 L 2.46,-1.05 Z"/></g><g transform="translate(10 64.26510620117188) rotate(0 29.161178588867188 27.63970184326172)" stroke="none"><path fill="#1e1e1e" d="M 1.17,-1.05 Q 1.17,-1.05 2.49,0.39 3.80,1.85 5.20,3.34 6.60,4.83 8.17,6.33 9.75,7.84 11.56,9.34 13.37,10.84 15.18,12.38 16.98,13.92 19.02,15.42 21.06,16.92 23.24,18.44 25.41,19.96 27.55,21.66 29.68,23.35 31.57,24.79 33.47,26.22 35.20,27.74 36.92,29.26 38.78,30.75 40.64,32.23 42.09,33.43 43.53,34.64 44.90,35.87 46.27,37.10 47.34,38.00 48.41,38.91 49.34,39.70 50.27,40.49 51.13,41.23 52.00,41.98 52.83,42.71 53.66,43.45 54.35,44.37 55.03,45.30 56.16,46.63 57.28,47.96 57.91,49.13 58.54,50.29 59.53,51.98 60.52,53.67 60.64,54.08 60.76,54.50 60.74,54.93 60.72,55.36 60.57,55.77 60.41,56.17 60.13,56.51 59.86,56.84 59.49,57.07 59.12,57.29 58.70,57.39 58.28,57.49 57.84,57.45 57.41,57.41 57.02,57.23 56.62,57.05 56.31,56.76 55.99,56.46 55.78,56.08 55.57,55.70 55.50,55.28 55.42,54.85 55.49,54.42 55.55,53.99 55.75,53.61 55.95,53.22 56.26,52.92 56.57,52.62 56.96,52.43 57.35,52.25 57.78,52.20 58.21,52.14 58.64,52.23 59.06,52.32 59.44,52.54 59.81,52.76 60.09,53.09 60.38,53.41 60.54,53.81 60.71,54.21 60.74,54.65 60.77,55.08 60.65,55.50 60.54,55.92 60.30,56.28 60.07,56.64 59.72,56.90 59.38,57.17 58.97,57.31 58.56,57.46 58.13,57.46 57.70,57.47 57.28,57.33 56.87,57.20 56.52,56.94 56.18,56.68 55.93,56.33 55.68,55.97 55.68,55.97 55.68,55.97 54.53,53.59 53.39,51.21 52.68,50.30 51.98,49.39 51.26,47.97 50.53,46.55 49.80,45.73 49.08,44.91 48.33,44.06 47.59,43.21 46.80,42.30 46.00,41.39 45.08,40.36 44.15,39.33 42.89,38.06 41.62,36.80 40.30,35.55 38.98,34.30 37.07,32.78 35.16,31.26 33.51,29.80 31.86,28.35 29.93,26.91 28.00,25.46 25.94,23.83 23.87,22.19 21.65,20.67 19.43,19.14 17.31,17.60 15.18,16.06 13.37,14.56 11.56,13.06 9.65,11.53 7.74,10.00 6.06,8.49 4.37,6.97 2.91,5.47 1.44,3.97 0.13,2.51 -1.17,1.05 -1.28,0.90 -1.39,0.74 -1.46,0.56 -1.53,0.39 -1.55,0.20 -1.58,0.01 -1.56,-0.17 -1.53,-0.36 -1.47,-0.54 -1.40,-0.72 -1.29,-0.88 -1.19,-1.03 -1.05,-1.16 -0.90,-1.29 -0.74,-1.38 -0.57,-1.47 -0.38,-1.52 -0.20,-1.56 -0.01,-1.57 0.17,-1.57 0.36,-1.52 0.54,-1.48 0.71,-1.39 0.88,-1.30 1.03,-1.18 1.17,-1.05 1.17,-1.05 L 1.17,-1.05 Z"/></g><g transform="translate(62.74365234375 75.42242431640625) rotate(0 -25.611099243164062 26.118240356445312)" stroke="none"><path fill="#1e1e1e" d="M 1.55,1.10 Q 1.55,1.10 0.88,2.17 0.21,3.23 -0.46,4.38 -1.14,5.52 -2.05,6.90 -2.96,8.28 -4.19,9.60 -5.41,10.92 -6.41,12.19 -7.41,13.46 -8.83,14.94 -10.26,16.42 -11.57,17.86 -12.89,19.31 -14.39,20.80 -15.88,22.30 -17.41,23.79 -18.95,25.27 -20.11,26.63 -21.28,27.99 -22.71,29.45 -24.14,30.92 -25.48,32.19 -26.82,33.45 -28.27,34.71 -29.72,35.97 -30.86,37.09 -32.00,38.22 -33.48,39.25 -34.96,40.28 -36.37,41.35 -37.79,42.43 -39.36,43.40 -40.93,44.38 -42.42,45.34 -43.91,46.29 -44.88,47.14 -45.84,47.99 -46.65,48.80 -47.45,49.61 -48.05,50.52 -48.66,51.44 -48.62,51.79 -48.58,52.14 -48.66,52.49 -48.74,52.83 -48.92,53.14 -49.11,53.44 -49.38,53.67 -49.65,53.90 -49.98,54.03 -50.31,54.16 -50.66,54.17 -51.01,54.19 -51.36,54.10 -51.70,54.00 -51.99,53.80 -52.28,53.60 -52.50,53.32 -52.71,53.03 -52.82,52.70 -52.93,52.36 -52.93,52.01 -52.93,51.65 -52.82,51.32 -52.70,50.98 -52.48,50.70 -52.27,50.42 -51.98,50.22 -51.68,50.02 -51.34,49.93 -51.00,49.84 -50.64,49.86 -50.29,49.88 -49.96,50.01 -49.63,50.14 -49.36,50.37 -49.09,50.60 -48.91,50.91 -48.73,51.21 -48.66,51.56 -48.58,51.91 -48.62,52.26 -48.66,52.61 -48.81,52.93 -48.96,53.25 -49.21,53.51 -49.45,53.76 -49.76,53.93 -50.08,54.09 -50.43,54.15 -50.78,54.21 -51.13,54.15 -51.48,54.09 -51.79,53.92 -52.10,53.75 -52.34,53.50 -52.59,53.24 -52.74,52.91 -52.88,52.59 -52.88,52.59 -52.88,52.59 -51.59,49.50 -50.30,46.41 -49.32,45.62 -48.33,44.83 -47.14,43.98 -45.95,43.13 -44.41,42.14 -42.88,41.16 -41.46,40.32 -40.04,39.47 -38.53,38.31 -37.02,37.15 -35.73,36.36 -34.45,35.57 -33.20,34.48 -31.95,33.39 -30.53,32.16 -29.11,30.94 -27.81,29.80 -26.51,28.66 -25.16,27.21 -23.81,25.76 -22.55,24.37 -21.30,22.98 -19.87,21.43 -18.44,19.89 -17.09,18.36 -15.74,16.84 -14.47,15.29 -13.20,13.75 -11.98,12.31 -10.76,10.88 -9.65,9.41 -8.53,7.94 -7.54,6.93 -6.54,5.92 -5.64,4.56 -4.75,3.20 -3.94,2.02 -3.12,0.84 -2.34,-0.13 -1.55,-1.10 -1.39,-1.27 -1.24,-1.44 -1.05,-1.57 -0.85,-1.70 -0.64,-1.78 -0.42,-1.86 -0.19,-1.88 0.03,-1.90 0.25,-1.87 0.48,-1.84 0.70,-1.76 0.91,-1.67 1.10,-1.54 1.28,-1.40 1.43,-1.23 1.58,-1.05 1.69,-0.85 1.79,-0.64 1.84,-0.42 1.89,-0.19 1.89,0.03 1.89,0.26 1.83,0.48 1.77,0.70 1.66,0.90 1.55,1.10 1.55,1.10 L 1.55,1.10 Z"/></g><g transform="translate(96.21560668945312 81.50822448730469) rotate(0 15.46807861328125 1.0142974853515625)" stroke="none"><path fill="#1e1e1e" d="M 0.63,-2.31 Q 0.63,-2.31 2.22,-1.84 3.82,-1.38 5.07,-1.24 6.33,-1.09 7.72,-1.03 9.10,-0.96 10.56,-0.93 12.03,-0.89 13.38,-0.76 14.73,-0.62 16.03,-0.57 17.33,-0.52 18.76,-0.49 20.19,-0.46 21.53,-0.46 22.87,-0.46 24.02,-0.48 25.17,-0.51 27.90,-0.57 30.63,-0.63 31.06,-0.56 31.48,-0.49 31.86,-0.29 32.24,-0.09 32.54,0.22 32.84,0.53 33.02,0.92 33.20,1.31 33.24,1.74 33.29,2.17 33.20,2.59 33.11,3.01 32.88,3.38 32.66,3.75 32.33,4.03 32.00,4.31 31.60,4.47 31.20,4.63 30.77,4.65 30.34,4.67 29.93,4.56 29.51,4.44 29.15,4.20 28.80,3.96 28.54,3.61 28.28,3.27 28.14,2.86 28.00,2.45 28.00,2.02 28.00,1.59 28.14,1.18 28.28,0.77 28.54,0.43 28.80,0.09 29.16,-0.14 29.51,-0.38 29.93,-0.50 30.34,-0.62 30.77,-0.59 31.21,-0.57 31.61,-0.41 32.01,-0.25 32.33,0.02 32.66,0.30 32.88,0.67 33.11,1.04 33.20,1.46 33.29,1.88 33.24,2.31 33.20,2.74 33.02,3.13 32.84,3.52 32.54,3.83 32.24,4.15 31.86,4.35 31.48,4.55 31.05,4.62 30.63,4.69 30.63,4.69 30.63,4.69 27.89,4.62 25.15,4.55 23.99,4.52 22.82,4.48 21.46,4.45 20.09,4.43 18.59,4.40 17.09,4.38 15.59,4.29 14.10,4.20 13.01,4.02 11.92,3.84 10.38,3.80 8.85,3.77 7.28,3.68 5.72,3.59 4.15,3.36 2.59,3.13 0.98,2.72 -0.63,2.31 -0.89,2.20 -1.16,2.09 -1.40,1.92 -1.63,1.75 -1.82,1.53 -2.00,1.31 -2.13,1.05 -2.26,0.79 -2.32,0.51 -2.38,0.23 -2.38,-0.05 -2.37,-0.34 -2.29,-0.62 -2.22,-0.90 -2.08,-1.15 -1.94,-1.41 -1.74,-1.62 -1.54,-1.83 -1.30,-1.99 -1.06,-2.15 -0.78,-2.24 -0.51,-2.34 -0.22,-2.37 0.05,-2.39 0.34,-2.35 0.63,-2.31 0.63,-2.31 L 0.63,-2.31 Z"/></g><g transform="translate(96.72274780273438 111.937255859375) rotate(0 18.510986328125 1.0142974853515625)" stroke="none"><path fill="#1e1e1e" d="M 0,-2.40 Q 0,-2.40 1.45,-2.40 2.91,-2.40 4.14,-2.29 5.37,-2.18 6.84,-1.80 8.32,-1.42 9.56,-1.30 10.81,-1.18 12.34,-0.95 13.87,-0.73 15.13,-0.66 16.40,-0.59 17.81,-0.54 19.21,-0.50 20.69,-0.48 22.16,-0.45 23.37,-0.47 24.58,-0.49 25.97,-0.49 27.36,-0.49 28.67,-0.50 29.99,-0.51 31.75,-0.79 33.50,-1.06 34.50,-1.66 35.51,-2.26 35.92,-2.42 36.33,-2.57 36.77,-2.59 37.21,-2.61 37.63,-2.48 38.05,-2.36 38.41,-2.10 38.77,-1.85 39.03,-1.49 39.29,-1.14 39.43,-0.72 39.56,-0.30 39.55,0.13 39.54,0.57 39.39,0.99 39.25,1.40 38.97,1.74 38.70,2.09 38.33,2.33 37.96,2.57 37.54,2.68 37.11,2.79 36.67,2.76 36.23,2.73 35.83,2.55 35.42,2.38 35.09,2.09 34.76,1.80 34.54,1.42 34.32,1.04 34.24,0.61 34.15,0.18 34.21,-0.25 34.26,-0.69 34.45,-1.08 34.65,-1.48 34.95,-1.79 35.26,-2.10 35.66,-2.30 36.05,-2.50 36.48,-2.56 36.92,-2.63 37.35,-2.55 37.78,-2.47 38.17,-2.26 38.55,-2.04 38.85,-1.72 39.15,-1.39 39.32,-0.99 39.50,-0.59 39.54,-0.15 39.58,0.28 39.48,0.71 39.37,1.13 39.14,1.51 38.91,1.88 38.57,2.16 38.23,2.44 38.23,2.44 38.23,2.44 35.30,3.38 32.37,4.32 31.18,4.44 29.99,4.56 28.67,4.55 27.35,4.54 25.95,4.53 24.55,4.53 23.33,4.50 22.11,4.46 20.59,4.46 19.08,4.45 17.58,4.41 16.08,4.38 14.63,4.27 13.18,4.16 11.73,3.97 10.29,3.78 8.66,3.60 7.03,3.42 4.97,2.91 2.91,2.40 1.45,2.40 0,2.40 -0.28,2.36 -0.57,2.33 -0.84,2.23 -1.11,2.12 -1.35,1.96 -1.59,1.79 -1.78,1.58 -1.97,1.36 -2.11,1.10 -2.24,0.85 -2.31,0.57 -2.38,0.28 -2.38,-0.00 -2.38,-0.28 -2.31,-0.57 -2.24,-0.85 -2.11,-1.10 -1.97,-1.36 -1.78,-1.58 -1.59,-1.79 -1.35,-1.96 -1.11,-2.12 -0.84,-2.23 -0.57,-2.33 -0.28,-2.36 0.00,-2.40 0.00,-2.40 L 0,-2.40 Z"/></g><g transform="translate(612.4947814941406 86.5797119140625) rotate(0 14.70733642578125 -0.5071487426757812)" stroke="none"><path fill="#1e1e1e" d="M 0,-2.57 Q 0,-2.57 1.45,-2.56 2.91,-2.54 4.26,-2.55 5.61,-2.55 6.76,-2.58 7.92,-2.60 9.14,-2.62 10.36,-2.63 11.46,-2.65 12.57,-2.68 14.59,-2.72 16.61,-2.77 18.55,-2.81 20.49,-2.86 21.82,-3.03 23.15,-3.20 26.03,-3.61 28.92,-4.01 29.41,-3.97 29.90,-3.92 30.34,-3.72 30.79,-3.53 31.15,-3.19 31.52,-2.86 31.75,-2.43 31.99,-2.00 32.08,-1.52 32.16,-1.04 32.09,-0.55 32.02,-0.07 31.80,0.36 31.57,0.80 31.22,1.14 30.87,1.48 30.43,1.70 29.99,1.91 29.50,1.97 29.01,2.03 28.53,1.93 28.05,1.83 27.63,1.59 27.21,1.34 26.88,0.97 26.56,0.60 26.37,0.15 26.18,-0.29 26.15,-0.78 26.11,-1.27 26.24,-1.74 26.36,-2.22 26.63,-2.63 26.90,-3.04 27.28,-3.34 27.67,-3.65 28.13,-3.81 28.59,-3.97 29.08,-3.98 29.57,-3.99 30.04,-3.84 30.51,-3.69 30.90,-3.40 31.30,-3.11 31.58,-2.71 31.86,-2.31 32.00,-1.83 32.14,-1.36 32.12,-0.87 32.10,-0.38 31.93,0.06 31.75,0.52 31.44,0.90 31.13,1.28 30.71,1.54 30.30,1.80 29.82,1.91 29.34,2.02 29.34,2.02 29.34,2.02 26.79,2.32 24.23,2.61 22.36,2.73 20.49,2.86 18.55,2.81 16.61,2.77 14.59,2.72 12.57,2.68 11.46,2.65 10.36,2.63 9.14,2.62 7.92,2.60 6.76,2.58 5.61,2.55 4.26,2.55 2.91,2.54 1.45,2.56 0,2.57 -0.30,2.53 -0.61,2.50 -0.90,2.38 -1.19,2.27 -1.45,2.10 -1.70,1.92 -1.91,1.69 -2.11,1.46 -2.26,1.18 -2.40,0.91 -2.48,0.61 -2.55,0.31 -2.55,-0.00 -2.55,-0.31 -2.48,-0.61 -2.40,-0.91 -2.26,-1.18 -2.11,-1.46 -1.91,-1.69 -1.70,-1.92 -1.45,-2.10 -1.19,-2.28 -0.90,-2.39 -0.61,-2.50 -0.30,-2.53 0.00,-2.57 0.00,-2.57 L 0,-2.57 Z"/></g><g transform="translate(606.4089660644531 107.37290954589844) rotate(0 9.12872314453125 -1.521453857421875)" stroke="none"><path fill="#1e1e1e" d="M -0.37,-2.61 Q -0.37,-2.61 0.64,-2.79 1.65,-2.96 3.78,-3.11 5.91,-3.26 6.98,-3.29 8.05,-3.31 9.68,-3.59 11.32,-3.87 12.39,-4.04 13.47,-4.22 14.72,-4.58 15.98,-4.94 16.37,-5.22 16.76,-5.49 17.22,-5.62 17.67,-5.76 18.15,-5.74 18.63,-5.72 19.08,-5.55 19.52,-5.39 19.89,-5.08 20.26,-4.78 20.51,-4.37 20.77,-3.97 20.88,-3.50 20.99,-3.04 20.94,-2.56 20.90,-2.09 20.71,-1.65 20.51,-1.22 20.19,-0.86 19.87,-0.51 19.45,-0.28 19.03,-0.05 18.56,0.02 18.09,0.11 17.62,0.04 17.15,-0.02 16.72,-0.24 16.30,-0.45 15.96,-0.80 15.63,-1.14 15.42,-1.57 15.21,-2.00 15.15,-2.47 15.09,-2.94 15.19,-3.41 15.28,-3.88 15.52,-4.29 15.76,-4.71 16.12,-5.02 16.48,-5.34 16.92,-5.52 17.36,-5.70 17.84,-5.74 18.31,-5.77 18.78,-5.65 19.24,-5.53 19.64,-5.27 20.04,-5.01 20.33,-4.63 20.63,-4.26 20.79,-3.81 20.95,-3.36 20.95,-2.88 20.96,-2.40 20.82,-1.95 20.67,-1.49 20.39,-1.11 20.11,-0.72 20.11,-0.72 20.11,-0.72 16.45,0.48 12.79,1.69 11.34,2.03 9.88,2.37 7.96,2.34 6.04,2.32 4.23,2.35 2.42,2.38 1.39,2.50 0.37,2.61 0.05,2.62 -0.26,2.63 -0.57,2.56 -0.88,2.49 -1.17,2.35 -1.45,2.20 -1.70,2.00 -1.94,1.79 -2.12,1.53 -2.31,1.27 -2.43,0.98 -2.55,0.68 -2.60,0.37 -2.64,0.05 -2.61,-0.26 -2.58,-0.57 -2.47,-0.87 -2.36,-1.18 -2.19,-1.44 -2.01,-1.71 -1.78,-1.92 -1.54,-2.14 -1.26,-2.29 -0.98,-2.45 -0.68,-2.53 -0.37,-2.61 -0.37,-2.61 L -0.37,-2.61 Z"/></g><g transform="translate(659.6598205566406 57.672149658203125) rotate(0 12.17156982421875 19.77886199951172)" stroke="none"><path fill="#1e1e1e" d="M 2.59,-0.32 Q 2.59,-0.32 2.75,0.84 2.92,2.00 3.52,4.40 4.13,6.80 4.37,8.88 4.61,10.97 4.76,13.07 4.90,15.17 4.91,16.35 4.92,17.53 4.93,18.60 4.94,19.68 5.35,21.80 5.75,23.92 6.07,25.65 6.39,27.38 6.43,28.55 6.47,29.71 6.92,31.43 7.36,33.16 7.54,34.24 7.73,35.32 8.03,36.55 8.33,37.78 8.83,40.01 9.32,42.24 9.81,44.28 10.30,46.32 10.64,47.37 10.99,48.41 11.39,49.32 11.79,50.24 11.78,50.61 11.78,50.99 11.68,51.36 11.58,51.72 11.40,52.05 11.22,52.39 10.96,52.66 10.70,52.94 10.39,53.15 10.07,53.36 9.72,53.49 9.36,53.61 8.99,53.65 8.61,53.69 8.24,53.64 7.86,53.59 7.51,53.45 7.16,53.30 6.85,53.08 6.55,52.86 6.30,52.58 6.05,52.29 5.89,51.95 5.72,51.61 5.63,51.24 5.55,50.87 5.24,49.20 4.93,47.52 4.47,46.07 4.01,44.62 3.66,42.99 3.31,41.37 2.93,40.12 2.55,38.86 2.34,37.16 2.13,35.45 1.94,33.99 1.75,32.52 1.64,31.21 1.52,29.90 1.49,28.44 1.46,26.98 1.46,25.49 1.46,24.00 1.46,22.64 1.45,21.28 1.62,19.70 1.78,18.11 1.82,16.97 1.86,15.84 2.04,14.36 2.23,12.88 2.31,11.51 2.39,10.14 2.42,8.83 2.45,7.51 2.47,6.08 2.50,4.65 2.26,2.29 2.03,-0.07 1.54,-1.64 1.05,-3.22 0.48,-4.91 -0.07,-6.60 -0.23,-7.70 -0.39,-8.79 -0.33,-10.31 -0.27,-11.84 0.37,-12.85 1.02,-13.87 2.30,-14.28 3.58,-14.70 5.16,-14.34 6.75,-13.99 7.96,-13.35 9.18,-12.70 10.25,-11.89 11.31,-11.08 12.23,-10.35 13.15,-9.62 15.17,-8.30 17.19,-6.98 18.10,-6.18 19.01,-5.37 20.51,-4.08 22.01,-2.79 23.01,-1.37 24.02,0.03 24.81,1.37 25.60,2.71 25.97,3.72 26.34,4.73 26.47,5.83 26.61,6.93 27.10,8.13 27.60,9.32 27.39,10.41 27.17,11.49 26.24,12.74 25.30,14.00 23.84,15.07 22.37,16.15 21.00,16.92 19.63,17.69 18.03,18.14 16.44,18.59 13.83,19.42 11.21,20.26 10.64,20.22 10.07,20.17 9.53,19.94 9.00,19.72 8.57,19.33 8.14,18.95 7.86,18.45 7.57,17.95 7.46,17.38 7.35,16.81 7.43,16.24 7.51,15.67 7.76,15.15 8.02,14.64 8.42,14.23 8.83,13.82 9.35,13.56 9.86,13.30 10.43,13.22 11.00,13.14 11.57,13.25 12.14,13.36 12.64,13.64 13.14,13.92 13.53,14.35 13.92,14.78 14.14,15.31 14.37,15.84 14.42,16.41 14.47,16.99 14.33,17.55 14.19,18.11 13.88,18.60 13.58,19.08 13.13,19.44 12.68,19.81 12.14,20.01 11.60,20.21 11.02,20.22 10.44,20.24 9.89,20.07 9.34,19.91 8.87,19.57 8.40,19.23 8.06,18.77 7.73,18.30 7.56,17.75 7.39,17.20 7.40,16.62 7.41,16.04 7.61,15.50 7.81,14.96 8.17,14.51 8.53,14.06 9.01,13.75 9.50,13.44 10.06,13.30 10.62,13.16 10.62,13.16 10.62,13.16 11.46,13.01 12.30,12.86 13.46,12.29 14.63,11.71 15.71,11.57 16.79,11.43 17.77,10.84 18.75,10.26 19.80,9.57 20.86,8.88 21.42,9.96 21.97,11.04 21.33,10.16 20.68,9.29 20.34,8.00 19.99,6.72 19.92,5.61 19.85,4.50 19.04,3.36 18.23,2.22 17.62,1.29 17.02,0.37 16.03,-0.23 15.04,-0.84 13.58,-2.05 12.11,-3.26 10.76,-3.96 9.40,-4.66 7.79,-5.87 6.17,-7.09 5.12,-7.77 4.06,-8.45 4.83,-9.49 5.59,-10.53 5.56,-9.13 5.52,-7.72 5.81,-6.48 6.11,-5.24 6.52,-4.04 6.93,-2.83 7.10,-1.58 7.26,-0.32 7.30,0.82 7.34,1.97 7.47,3.33 7.60,4.69 7.59,6.16 7.59,7.63 7.56,9.01 7.52,10.40 7.46,11.96 7.39,13.52 7.24,14.81 7.08,16.10 7.00,17.36 6.91,18.62 6.79,19.94 6.67,21.25 6.68,22.60 6.69,23.94 6.73,25.38 6.77,26.83 6.82,28.15 6.87,29.48 6.94,30.60 7.02,31.72 7.28,33.23 7.55,34.75 7.71,35.94 7.88,37.13 8.38,38.57 8.89,40.01 9.25,41.31 9.61,42.60 10.14,43.89 10.66,45.18 11.23,47.71 11.79,50.24 11.78,50.61 11.78,50.99 11.68,51.36 11.58,51.72 11.40,52.05 11.22,52.38 10.96,52.66 10.70,52.94 10.39,53.15 10.07,53.36 9.72,53.49 9.36,53.61 8.99,53.65 8.61,53.69 8.24,53.64 7.86,53.59 7.51,53.45 7.16,53.30 6.85,53.08 6.55,52.86 6.30,52.58 6.05,52.29 5.89,51.95 5.72,51.61 5.63,51.24 5.55,50.87 5.27,49.91 4.99,48.95 4.64,47.36 4.29,45.77 3.81,43.60 3.33,41.43 3.02,40.38 2.71,39.34 2.26,37.85 1.81,36.36 1.53,34.48 1.26,32.60 0.88,31.29 0.51,29.98 0.44,28.34 0.37,26.69 0.08,24.73 -0.21,22.78 -0.56,21.26 -0.90,19.74 -0.90,18.67 -0.91,17.60 -0.92,16.48 -0.94,15.36 -1.00,13.55 -1.06,11.75 -1.25,10.42 -1.44,9.08 -1.41,7.85 -1.38,6.61 -1.86,4.64 -2.33,2.66 -2.46,1.49 -2.59,0.32 -2.59,0.00 -2.59,-0.30 -2.52,-0.61 -2.44,-0.91 -2.30,-1.19 -2.15,-1.47 -1.94,-1.71 -1.74,-1.95 -1.48,-2.13 -1.22,-2.31 -0.92,-2.42 -0.63,-2.53 -0.32,-2.57 -0.00,-2.61 0.30,-2.57 0.61,-2.53 0.91,-2.42 1.20,-2.31 1.46,-2.14 1.72,-1.96 1.93,-1.72 2.14,-1.49 2.29,-1.21 2.44,-0.93 2.51,-0.62 2.59,-0.32 2.59,-0.32 L 2.59,-0.32 Z"/></g><g transform="translate(700.7389221191406 55.136383056640625) rotate(0 13.18597412109375 22.31462860107422)" stroke="none"><path fill="#1e1e1e" d="M 2.37,0.23 Q 2.37,0.23 2.23,1.69 2.09,3.16 1.72,4.58 1.35,6.00 1.24,8.08 1.13,10.17 1.11,11.46 1.09,12.76 1.20,14.06 1.32,15.37 1.62,16.69 1.92,18.01 2.22,19.40 2.52,20.78 3.00,22.05 3.49,23.33 4.01,24.47 4.53,25.60 5.69,27.73 6.86,29.85 7.98,31.18 9.11,32.51 10.50,33.48 11.88,34.44 12.68,35.18 13.49,35.91 15.05,36.64 16.61,37.36 17.55,37.87 18.49,38.37 19.45,39.12 20.41,39.86 21.64,40.19 22.87,40.52 23.77,41.29 24.67,42.06 23.24,41.96 21.82,41.86 21.72,40.19 21.63,38.52 22.01,37.10 22.38,35.67 22.57,33.49 22.76,31.31 23.45,29.05 24.14,26.78 24.32,25.57 24.50,24.36 24.74,22.92 24.99,21.48 25.07,20.25 25.15,19.03 25.21,17.64 25.26,16.25 25.25,15.08 25.25,13.90 25.21,11.15 25.16,8.41 25.24,7.97 25.31,7.54 25.51,7.15 25.72,6.76 26.04,6.46 26.36,6.15 26.76,5.97 27.16,5.78 27.60,5.74 28.04,5.69 28.47,5.79 28.90,5.88 29.28,6.11 29.65,6.34 29.94,6.67 30.22,7.01 30.39,7.42 30.55,7.83 30.57,8.27 30.60,8.71 30.48,9.13 30.36,9.56 30.11,9.92 29.86,10.29 29.51,10.55 29.16,10.82 28.74,10.96 28.33,11.10 27.88,11.10 27.44,11.10 27.03,10.96 26.61,10.82 26.26,10.55 25.91,10.28 25.66,9.92 25.41,9.55 25.30,9.13 25.18,8.70 25.20,8.26 25.23,7.82 25.39,7.41 25.56,7.00 25.84,6.67 26.13,6.33 26.51,6.11 26.88,5.88 27.31,5.78 27.74,5.69 28.18,5.74 28.62,5.79 29.02,5.97 29.42,6.16 29.74,6.46 30.06,6.77 30.26,7.15 30.47,7.54 30.54,7.98 30.61,8.41 30.61,8.41 30.61,8.41 30.54,11.19 30.47,13.97 30.43,15.19 30.40,16.40 30.37,17.90 30.33,19.40 30.22,20.85 30.11,22.30 29.90,23.72 29.69,25.14 29.47,26.53 29.26,27.93 29.03,29.75 28.79,31.57 28.78,33.05 28.76,34.52 28.37,36.62 27.99,38.72 27.98,39.87 27.97,41.02 27.87,42.10 27.77,43.18 27.35,44.36 26.92,45.55 25.84,46.28 24.77,47.01 23.07,47.03 21.38,47.05 20.28,46.28 19.18,45.51 18.00,44.99 16.82,44.47 15.53,43.53 14.24,42.60 13.25,42.12 12.26,41.65 10.94,40.86 9.62,40.07 8.31,38.81 6.99,37.55 6.02,36.79 5.04,36.03 4.26,35.06 3.48,34.10 2.48,32.03 1.48,29.96 0.73,28.80 -0.02,27.64 -0.56,26.37 -1.10,25.11 -1.74,23.48 -2.37,21.84 -2.66,20.50 -2.95,19.16 -3.35,17.50 -3.75,15.84 -3.90,14.25 -4.05,12.66 -4.02,11.27 -3.99,9.87 -3.88,8.68 -3.78,7.50 -3.22,5.08 -2.67,2.67 -2.52,1.21 -2.37,-0.23 -2.31,-0.51 -2.25,-0.79 -2.12,-1.05 -1.99,-1.31 -1.80,-1.53 -1.62,-1.75 -1.38,-1.92 -1.15,-2.09 -0.88,-2.19 -0.62,-2.30 -0.33,-2.34 -0.05,-2.38 0.23,-2.35 0.52,-2.33 0.79,-2.23 1.06,-2.13 1.30,-1.97 1.54,-1.82 1.74,-1.60 1.93,-1.39 2.07,-1.14 2.21,-0.89 2.28,-0.61 2.36,-0.33 2.37,-0.04 2.37,0.23 2.37,0.23 L 2.37,0.23 Z"/></g><g transform="translate(764.6399230957031 61.222198486328125) rotate(0 7.86077880859375 26.118255615234375)" stroke="none"><path fill="#1e1e1e" d="M 0.96,2.17 Q 0.96,2.17 -0.33,2.76 -1.64,3.34 -2.55,4.05 -3.47,4.77 -4.18,5.66 -4.89,6.56 -5.63,7.74 -6.37,8.92 -7.18,10.12 -7.99,11.32 -8.52,12.51 -9.05,13.69 -9.39,14.86 -9.74,16.04 -10.22,17.47 -10.69,18.91 -10.88,21.19 -11.07,23.46 -11.11,24.86 -11.16,26.26 -10.80,27.41 -10.44,28.56 -10.16,30.48 -9.88,32.39 -9.18,33.74 -8.48,35.09 -7.70,36.29 -6.92,37.49 -5.83,39.22 -4.74,40.94 -3.68,42.18 -2.63,43.43 -1.36,44.85 -0.09,46.28 0.94,47.28 1.98,48.28 2.88,49.11 3.79,49.94 4.78,50.61 5.78,51.28 6.68,51.85 7.58,52.42 8.83,52.50 10.08,52.59 11.56,52.23 13.04,51.88 14.05,51.25 15.05,50.63 16.40,49.70 17.74,48.78 19.18,47.52 20.62,46.26 21.79,44.89 22.97,43.52 23.88,41.92 24.79,40.32 25.50,38.41 26.22,36.49 26.69,34.41 27.16,32.33 27.34,30.46 27.52,28.59 27.49,26.26 27.46,23.92 27.04,21.70 26.62,19.47 26.02,17.53 25.43,15.58 24.59,13.96 23.75,12.34 22.91,10.76 22.08,9.17 21.05,7.91 20.03,6.64 18.98,5.54 17.94,4.45 16.84,3.66 15.75,2.87 14.64,2.09 13.54,1.31 12.63,0.75 11.73,0.18 9.70,-0.23 7.68,-0.66 7.31,-0.76 6.94,-0.85 6.62,-1.07 6.30,-1.28 6.07,-1.58 5.83,-1.88 5.71,-2.24 5.58,-2.60 5.58,-2.98 5.57,-3.37 5.69,-3.73 5.81,-4.09 6.04,-4.40 6.26,-4.71 6.58,-4.92 6.89,-5.14 7.26,-5.25 7.63,-5.35 8.01,-5.34 8.39,-5.32 8.75,-5.18 9.10,-5.04 9.40,-4.80 9.69,-4.56 9.89,-4.23 10.09,-3.91 10.18,-3.53 10.26,-3.16 10.23,-2.78 10.19,-2.40 10.03,-2.05 9.88,-1.70 9.62,-1.42 9.36,-1.14 9.02,-0.96 8.68,-0.78 8.31,-0.71 7.93,-0.65 7.55,-0.70 7.18,-0.76 6.84,-0.94 6.50,-1.11 6.23,-1.39 5.97,-1.66 5.80,-2.01 5.64,-2.35 5.59,-2.73 5.55,-3.11 5.63,-3.49 5.70,-3.86 5.90,-4.19 6.09,-4.52 6.38,-4.77 6.67,-5.02 7.02,-5.16 7.37,-5.31 7.76,-5.33 8.14,-5.36 8.14,-5.36 8.14,-5.36 11.19,-4.35 14.24,-3.34 15.13,-2.61 16.02,-1.88 17.08,-0.99 18.13,-0.09 19.38,0.99 20.62,2.09 21.65,3.36 22.68,4.63 23.79,6.19 24.91,7.75 25.67,9.39 26.43,11.03 27.30,12.87 28.17,14.72 28.84,16.81 29.52,18.90 30.03,21.37 30.54,23.83 30.64,26.37 30.75,28.90 30.55,30.94 30.36,32.98 29.94,35.29 29.53,37.60 28.85,39.85 28.17,42.09 27.18,44.09 26.19,46.10 24.95,47.73 23.71,49.36 22.20,51.03 20.69,52.71 19.22,53.89 17.75,55.07 16.26,55.96 14.76,56.86 12.11,57.24 9.46,57.62 8.31,57.41 7.15,57.20 6.05,56.72 4.95,56.25 4.05,55.54 3.14,54.84 1.94,53.89 0.74,52.93 -0.07,52.00 -0.90,51.06 -1.88,49.97 -2.86,48.88 -4.27,47.44 -5.69,46.00 -6.84,44.63 -7.98,43.25 -9.32,41.55 -10.67,39.85 -11.50,38.49 -12.33,37.13 -13.37,35.20 -14.40,33.27 -14.77,31.58 -15.14,29.89 -15.63,28.05 -16.11,26.21 -16.08,24.68 -16.05,23.16 -15.95,21.65 -15.85,20.14 -15.57,18.78 -15.30,17.42 -14.85,15.99 -14.39,14.57 -13.91,13.13 -13.43,11.68 -12.71,10.14 -11.98,8.59 -11.21,7.49 -10.44,6.39 -9.52,4.90 -8.60,3.42 -7.47,2.15 -6.33,0.88 -4.97,-0.06 -3.60,-1.01 -2.28,-1.59 -0.96,-2.17 -0.69,-2.25 -0.41,-2.34 -0.13,-2.35 0.15,-2.37 0.43,-2.31 0.71,-2.26 0.97,-2.14 1.23,-2.02 1.46,-1.85 1.68,-1.67 1.86,-1.44 2.04,-1.22 2.15,-0.95 2.27,-0.69 2.32,-0.41 2.37,-0.13 2.35,0.15 2.33,0.43 2.25,0.71 2.16,0.98 2.01,1.23 1.86,1.47 1.66,1.67 1.45,1.87 1.21,2.02 0.96,2.17 0.96,2.17 L 0.96,2.17 Z"/></g><g transform="translate(769.2042541503906 90.63693237304688) rotate(0 19.77886962890625 23.836074829101562)" stroke="none"><path fill="#1e1e1e" d="M 1.62,-1.08 Q 1.62,-1.08 2.26,-0.26 2.89,0.54 4.37,1.90 5.85,3.25 6.63,4.22 7.41,5.19 8.38,6.26 9.34,7.34 10.60,8.94 11.86,10.53 13.00,12.54 14.15,14.54 15.40,16.31 16.64,18.08 18.29,19.99 19.94,21.90 21.53,23.78 23.12,25.66 24.68,27.66 26.24,29.65 27.73,31.34 29.22,33.02 30.72,34.62 32.23,36.22 33.51,37.99 34.80,39.77 35.83,41.20 36.86,42.64 38.88,44.51 40.89,46.38 41.02,46.65 41.14,46.92 41.17,47.21 41.20,47.51 41.14,47.80 41.08,48.09 40.93,48.34 40.77,48.59 40.55,48.79 40.32,48.98 40.05,49.09 39.77,49.20 39.48,49.21 39.18,49.23 38.90,49.15 38.61,49.07 38.37,48.91 38.12,48.74 37.94,48.50 37.76,48.27 37.67,47.99 37.57,47.71 37.57,47.41 37.57,47.12 37.67,46.84 37.76,46.56 37.94,46.32 38.12,46.08 38.37,45.92 38.61,45.75 38.90,45.67 39.18,45.59 39.48,45.61 39.77,45.63 40.05,45.73 40.32,45.84 40.55,46.04 40.77,46.23 40.92,46.48 41.08,46.73 41.14,47.02 41.20,47.31 41.17,47.61 41.14,47.90 41.02,48.17 40.89,48.44 40.69,48.65 40.49,48.87 40.22,49.00 39.96,49.14 39.67,49.19 39.38,49.24 39.09,49.19 38.80,49.14 38.53,49.01 38.27,48.87 38.07,48.65 37.87,48.44 37.87,48.44 37.87,48.44 36.99,47.38 36.12,46.32 35.22,45.33 34.33,44.35 33.44,42.88 32.54,41.41 31.37,39.79 30.19,38.16 28.63,36.56 27.08,34.96 25.49,33.24 23.91,31.52 22.34,29.62 20.78,27.72 19.13,25.92 17.49,24.12 15.65,22.18 13.81,20.24 12.33,18.43 10.86,16.62 9.72,15.01 8.57,13.40 7.19,11.98 5.81,10.56 4.68,9.34 3.56,8.11 2.36,6.34 1.16,4.57 0.29,3.76 -0.56,2.95 -1.09,2.01 -1.62,1.08 -1.73,0.87 -1.83,0.66 -1.89,0.43 -1.94,0.20 -1.94,-0.03 -1.93,-0.26 -1.87,-0.49 -1.81,-0.72 -1.70,-0.92 -1.59,-1.13 -1.43,-1.31 -1.27,-1.48 -1.07,-1.61 -0.88,-1.74 -0.65,-1.82 -0.43,-1.90 -0.20,-1.93 0.03,-1.95 0.26,-1.92 0.49,-1.89 0.71,-1.80 0.93,-1.71 1.12,-1.57 1.32,-1.44 1.47,-1.26 1.62,-1.08 1.62,-1.08 L 1.62,-1.08 Z"/></g></svg>